2050, 22.998867, 43.217823, 1.674994, 5.232328, 3.377979 
2200, 29.459309, 43.283943, 2.162048, 3.648598, 3.756431 
2350, 36.862053, 43.214691, 2.664536, 4.486284, 3.536067 
2500, 46.106152, 43.269894, 3.584943, 5.188784, 4.028525 
2650, 55.172665, 43.354488, 4.251193, 5.819236, 3.741921 
2800, 64.282478, 43.231419, 4.974999, 6.100074, 3.623418 
2950, 74.894287, 43.277977, 5.919751, 5.532786, 3.436956 
3100, 87.420471, 43.236423, 6.488042, 6.136924, 3.402558 

 
3250, 99.897995, 43.289021, 7.901475, 5.681065, 2.964599 
3400, 114.151161, 43.233402, 9.060891, 5.103853, 3.851390 
3550, 127.974319, 43.350887, 10.147819, 5.788263, 3.566031 
3700, 144.229263, 43.241627, 11.560616, 3.931376, 2.904107 
3850, 162.843491, 43.260586, 13.082865, 3.902437, 3.022964 
4000, 184.693405, 43.219559, 14.797292, 5.389419, 3.641588 
4150, 203.590652, 304.274170, 16.389505, 80.505653, 22.052456 
4300, 226.039444, 304.456757, 18.232679, 80.486450, 22.321276 
4450, 251.628403, 304.715729, 20.241577, 80.640572, 20.729097 
4600, 281.930237, 304.690460, 22.489592, 80.629013, 22.119635 
