<?xml version="1.0" encoding="UTF-8"?>
<svg xmlns="http://www.w3.org/2000/svg" xmlns:xlink="http://www.w3.org/1999/xlink" width="704pt" height="684pt" viewBox="0 0 704 684" version="1.1">
<defs>
<g>
<symbol overflow="visible" id="glyph0-0">
<path style="stroke:none;" d=""/>
</symbol>
<symbol overflow="visible" id="glyph0-1">
<path style="stroke:none;" d="M 6.28125 -6.359375 C 5.984375 -6.984375 5.484375 -7.4375 4.734375 -7.4375 C 2.765625 -7.4375 0.671875 -4.96875 0.671875 -2.515625 C 0.671875 -0.921875 1.59375 0.1875 2.90625 0.1875 C 3.25 0.1875 4.09375 0.125 5.109375 -1.078125 C 5.234375 -0.375 5.828125 0.1875 6.640625 0.1875 C 7.21875 0.1875 7.609375 -0.203125 7.890625 -0.734375 C 8.171875 -1.34375 8.390625 -2.375 8.390625 -2.40625 C 8.390625 -2.578125 8.234375 -2.578125 8.1875 -2.578125 C 8.015625 -2.578125 8 -2.515625 7.953125 -2.28125 C 7.65625 -1.171875 7.359375 -0.1875 6.671875 -0.1875 C 6.21875 -0.1875 6.171875 -0.625 6.171875 -0.953125 C 6.171875 -1.328125 6.203125 -1.46875 6.390625 -2.203125 C 6.5625 -2.90625 6.609375 -3.078125 6.75 -3.71875 L 7.359375 -6.078125 C 7.484375 -6.546875 7.484375 -6.578125 7.484375 -6.65625 C 7.484375 -6.9375 7.28125 -7.109375 6.984375 -7.109375 C 6.578125 -7.109375 6.328125 -6.734375 6.28125 -6.359375 Z M 5.1875 -2 C 5.109375 -1.703125 5.109375 -1.671875 4.84375 -1.375 C 4.109375 -0.453125 3.421875 -0.1875 2.953125 -0.1875 C 2.109375 -0.1875 1.875 -1.109375 1.875 -1.765625 C 1.875 -2.609375 2.40625 -4.6875 2.796875 -5.453125 C 3.3125 -6.453125 4.078125 -7.078125 4.75 -7.078125 C 5.84375 -7.078125 6.078125 -5.6875 6.078125 -5.59375 C 6.078125 -5.484375 6.046875 -5.390625 6.03125 -5.3125 Z M 5.1875 -2 "/>
</symbol>
<symbol overflow="visible" id="glyph1-0">
<path style="stroke:none;" d=""/>
</symbol>
<symbol overflow="visible" id="glyph1-1">
<path style="stroke:none;" d="M 6.078125 -3.765625 C 6.078125 -5.046875 5.921875 -5.984375 5.390625 -6.8125 C 5.015625 -7.34375 4.28125 -7.828125 3.34375 -7.828125 C 0.609375 -7.828125 0.609375 -4.609375 0.609375 -3.765625 C 0.609375 -2.90625 0.609375 0.234375 3.34375 0.234375 C 6.078125 0.234375 6.078125 -2.90625 6.078125 -3.765625 Z M 3.34375 -0.09375 C 2.796875 -0.09375 2.078125 -0.40625 1.84375 -1.375 C 1.6875 -2.078125 1.6875 -3.046875 1.6875 -3.90625 C 1.6875 -4.765625 1.6875 -5.671875 1.859375 -6.3125 C 2.109375 -7.25 2.859375 -7.5 3.34375 -7.5 C 3.984375 -7.5 4.59375 -7.109375 4.8125 -6.421875 C 5 -5.78125 5 -4.9375 5 -3.90625 C 5 -3.046875 5 -2.171875 4.859375 -1.421875 C 4.625 -0.359375 3.8125 -0.09375 3.34375 -0.09375 Z M 3.34375 -0.09375 "/>
</symbol>
<symbol overflow="visible" id="glyph1-2">
<path style="stroke:none;" d="M 3.953125 -7.5 C 3.953125 -7.8125 3.921875 -7.828125 3.59375 -7.828125 C 2.84375 -7.078125 1.765625 -7.0625 1.28125 -7.0625 L 1.28125 -6.640625 C 1.5625 -6.640625 2.34375 -6.640625 3 -6.96875 L 3 -0.96875 C 3 -0.578125 3 -0.421875 1.8125 -0.421875 L 1.359375 -0.421875 L 1.359375 0 C 1.578125 -0.015625 3.03125 -0.046875 3.46875 -0.046875 C 3.828125 -0.046875 5.3125 -0.015625 5.578125 0 L 5.578125 -0.421875 L 5.125 -0.421875 C 3.953125 -0.421875 3.953125 -0.578125 3.953125 -0.96875 Z M 3.953125 -7.5 "/>
</symbol>
<symbol overflow="visible" id="glyph1-3">
<path style="stroke:none;" d="M 5.953125 -2.140625 L 5.546875 -2.140625 C 5.515625 -1.890625 5.390625 -1.1875 5.25 -1.078125 C 5.140625 -1 4.234375 -1 4.078125 -1 L 1.90625 -1 C 3.140625 -2.09375 3.5625 -2.421875 4.265625 -2.984375 C 5.140625 -3.671875 5.953125 -4.40625 5.953125 -5.53125 C 5.953125 -6.953125 4.703125 -7.828125 3.1875 -7.828125 C 1.734375 -7.828125 0.75 -6.796875 0.75 -5.71875 C 0.75 -5.109375 1.25 -5.046875 1.359375 -5.046875 C 1.65625 -5.046875 1.984375 -5.25 1.984375 -5.671875 C 1.984375 -5.890625 1.90625 -6.296875 1.296875 -6.296875 C 1.65625 -7.140625 2.46875 -7.40625 3.015625 -7.40625 C 4.1875 -7.40625 4.8125 -6.484375 4.8125 -5.53125 C 4.8125 -4.5 4.078125 -3.6875 3.703125 -3.265625 L 0.859375 -0.453125 C 0.75 -0.359375 0.75 -0.328125 0.75 0 L 5.59375 0 Z M 5.953125 -2.140625 "/>
</symbol>
<symbol overflow="visible" id="glyph1-4">
<path style="stroke:none;" d="M 3.21875 -3.9375 C 4.140625 -3.9375 4.796875 -3.296875 4.796875 -2.03125 C 4.796875 -0.578125 3.953125 -0.140625 3.265625 -0.140625 C 2.796875 -0.140625 1.75 -0.265625 1.265625 -0.96875 C 1.8125 -0.984375 1.9375 -1.375 1.9375 -1.625 C 1.9375 -2 1.65625 -2.28125 1.296875 -2.28125 C 0.96875 -2.28125 0.640625 -2.078125 0.640625 -1.59375 C 0.640625 -0.484375 1.859375 0.234375 3.28125 0.234375 C 4.921875 0.234375 6.0625 -0.859375 6.0625 -2.03125 C 6.0625 -2.953125 5.296875 -3.875 4 -4.140625 C 5.25 -4.59375 5.6875 -5.484375 5.6875 -6.203125 C 5.6875 -7.125 4.625 -7.828125 3.3125 -7.828125 C 2 -7.828125 1 -7.1875 1 -6.25 C 1 -5.84375 1.265625 -5.625 1.609375 -5.625 C 1.984375 -5.625 2.21875 -5.890625 2.21875 -6.21875 C 2.21875 -6.5625 1.984375 -6.8125 1.609375 -6.828125 C 2.03125 -7.34375 2.84375 -7.484375 3.28125 -7.484375 C 3.8125 -7.484375 4.546875 -7.21875 4.546875 -6.203125 C 4.546875 -5.703125 4.375 -5.15625 4.078125 -4.796875 C 3.6875 -4.34375 3.359375 -4.328125 2.765625 -4.28125 C 2.46875 -4.265625 2.453125 -4.265625 2.390625 -4.25 C 2.375 -4.25 2.28125 -4.234375 2.28125 -4.09375 C 2.28125 -3.9375 2.375 -3.9375 2.578125 -3.9375 Z M 3.21875 -3.9375 "/>
</symbol>
<symbol overflow="visible" id="glyph2-0">
<path style="stroke:none;" d=""/>
</symbol>
<symbol overflow="visible" id="glyph2-1">
<path style="stroke:none;" d="M 6.28125 -6.359375 C 5.984375 -6.984375 5.484375 -7.4375 4.734375 -7.4375 C 2.765625 -7.4375 0.671875 -4.96875 0.671875 -2.515625 C 0.671875 -0.921875 1.59375 0.1875 2.90625 0.1875 C 3.25 0.1875 4.09375 0.125 5.109375 -1.078125 C 5.234375 -0.375 5.828125 0.1875 6.640625 0.1875 C 7.21875 0.1875 7.609375 -0.203125 7.890625 -0.734375 C 8.171875 -1.34375 8.390625 -2.375 8.390625 -2.40625 C 8.390625 -2.578125 8.234375 -2.578125 8.1875 -2.578125 C 8.015625 -2.578125 8 -2.515625 7.953125 -2.28125 C 7.65625 -1.171875 7.359375 -0.1875 6.671875 -0.1875 C 6.21875 -0.1875 6.171875 -0.625 6.171875 -0.953125 C 6.171875 -1.328125 6.203125 -1.46875 6.390625 -2.203125 C 6.5625 -2.90625 6.609375 -3.078125 6.75 -3.71875 L 7.359375 -6.078125 C 7.484375 -6.546875 7.484375 -6.578125 7.484375 -6.65625 C 7.484375 -6.9375 7.28125 -7.109375 6.984375 -7.109375 C 6.578125 -7.109375 6.328125 -6.734375 6.28125 -6.359375 Z M 5.1875 -2 C 5.109375 -1.703125 5.109375 -1.671875 4.84375 -1.375 C 4.109375 -0.453125 3.421875 -0.1875 2.953125 -0.1875 C 2.109375 -0.1875 1.875 -1.109375 1.875 -1.765625 C 1.875 -2.609375 2.40625 -4.6875 2.796875 -5.453125 C 3.3125 -6.453125 4.078125 -7.078125 4.75 -7.078125 C 5.84375 -7.078125 6.078125 -5.6875 6.078125 -5.59375 C 6.078125 -5.484375 6.046875 -5.390625 6.03125 -5.3125 Z M 5.1875 -2 "/>
</symbol>
<symbol overflow="visible" id="glyph3-0">
<path style="stroke:none;" d=""/>
</symbol>
<symbol overflow="visible" id="glyph3-1">
<path style="stroke:none;" d="M 6.078125 -3.765625 C 6.078125 -5.046875 5.921875 -5.984375 5.390625 -6.8125 C 5.015625 -7.34375 4.28125 -7.828125 3.34375 -7.828125 C 0.609375 -7.828125 0.609375 -4.609375 0.609375 -3.765625 C 0.609375 -2.90625 0.609375 0.234375 3.34375 0.234375 C 6.078125 0.234375 6.078125 -2.90625 6.078125 -3.765625 Z M 3.34375 -0.09375 C 2.796875 -0.09375 2.078125 -0.40625 1.84375 -1.375 C 1.6875 -2.078125 1.6875 -3.046875 1.6875 -3.90625 C 1.6875 -4.765625 1.6875 -5.671875 1.859375 -6.3125 C 2.109375 -7.25 2.859375 -7.5 3.34375 -7.5 C 3.984375 -7.5 4.59375 -7.109375 4.8125 -6.421875 C 5 -5.78125 5 -4.9375 5 -3.90625 C 5 -3.046875 5 -2.171875 4.859375 -1.421875 C 4.625 -0.359375 3.8125 -0.09375 3.34375 -0.09375 Z M 3.34375 -0.09375 "/>
</symbol>
<symbol overflow="visible" id="glyph3-2">
<path style="stroke:none;" d="M 3.953125 -7.5 C 3.953125 -7.8125 3.921875 -7.828125 3.59375 -7.828125 C 2.84375 -7.078125 1.765625 -7.0625 1.28125 -7.0625 L 1.28125 -6.640625 C 1.5625 -6.640625 2.34375 -6.640625 3 -6.96875 L 3 -0.96875 C 3 -0.578125 3 -0.421875 1.8125 -0.421875 L 1.359375 -0.421875 L 1.359375 0 C 1.578125 -0.015625 3.03125 -0.046875 3.46875 -0.046875 C 3.828125 -0.046875 5.3125 -0.015625 5.578125 0 L 5.578125 -0.421875 L 5.125 -0.421875 C 3.953125 -0.421875 3.953125 -0.578125 3.953125 -0.96875 Z M 3.953125 -7.5 "/>
</symbol>
<symbol overflow="visible" id="glyph3-3">
<path style="stroke:none;" d="M 5.953125 -2.140625 L 5.546875 -2.140625 C 5.515625 -1.890625 5.390625 -1.1875 5.25 -1.078125 C 5.140625 -1 4.234375 -1 4.078125 -1 L 1.90625 -1 C 3.140625 -2.09375 3.5625 -2.421875 4.265625 -2.984375 C 5.140625 -3.671875 5.953125 -4.40625 5.953125 -5.53125 C 5.953125 -6.953125 4.703125 -7.828125 3.1875 -7.828125 C 1.734375 -7.828125 0.75 -6.796875 0.75 -5.71875 C 0.75 -5.109375 1.25 -5.046875 1.359375 -5.046875 C 1.65625 -5.046875 1.984375 -5.25 1.984375 -5.671875 C 1.984375 -5.890625 1.90625 -6.296875 1.296875 -6.296875 C 1.65625 -7.140625 2.46875 -7.40625 3.015625 -7.40625 C 4.1875 -7.40625 4.8125 -6.484375 4.8125 -5.53125 C 4.8125 -4.5 4.078125 -3.6875 3.703125 -3.265625 L 0.859375 -0.453125 C 0.75 -0.359375 0.75 -0.328125 0.75 0 L 5.59375 0 Z M 5.953125 -2.140625 "/>
</symbol>
<symbol overflow="visible" id="glyph3-4">
<path style="stroke:none;" d="M 3.21875 -3.9375 C 4.140625 -3.9375 4.796875 -3.296875 4.796875 -2.03125 C 4.796875 -0.578125 3.953125 -0.140625 3.265625 -0.140625 C 2.796875 -0.140625 1.75 -0.265625 1.265625 -0.96875 C 1.8125 -0.984375 1.9375 -1.375 1.9375 -1.625 C 1.9375 -2 1.65625 -2.28125 1.296875 -2.28125 C 0.96875 -2.28125 0.640625 -2.078125 0.640625 -1.59375 C 0.640625 -0.484375 1.859375 0.234375 3.28125 0.234375 C 4.921875 0.234375 6.0625 -0.859375 6.0625 -2.03125 C 6.0625 -2.953125 5.296875 -3.875 4 -4.140625 C 5.25 -4.59375 5.6875 -5.484375 5.6875 -6.203125 C 5.6875 -7.125 4.625 -7.828125 3.3125 -7.828125 C 2 -7.828125 1 -7.1875 1 -6.25 C 1 -5.84375 1.265625 -5.625 1.609375 -5.625 C 1.984375 -5.625 2.21875 -5.890625 2.21875 -6.21875 C 2.21875 -6.5625 1.984375 -6.8125 1.609375 -6.828125 C 2.03125 -7.34375 2.84375 -7.484375 3.28125 -7.484375 C 3.8125 -7.484375 4.546875 -7.21875 4.546875 -6.203125 C 4.546875 -5.703125 4.375 -5.15625 4.078125 -4.796875 C 3.6875 -4.34375 3.359375 -4.328125 2.765625 -4.28125 C 2.46875 -4.265625 2.453125 -4.265625 2.390625 -4.25 C 2.375 -4.25 2.28125 -4.234375 2.28125 -4.09375 C 2.28125 -3.9375 2.375 -3.9375 2.578125 -3.9375 Z M 3.21875 -3.9375 "/>
</symbol>
<symbol overflow="visible" id="glyph4-0">
<path style="stroke:none;" d=""/>
</symbol>
<symbol overflow="visible" id="glyph4-1">
<path style="stroke:none;" d="M 6.28125 -6.359375 C 5.984375 -6.984375 5.484375 -7.4375 4.734375 -7.4375 C 2.765625 -7.4375 0.671875 -4.96875 0.671875 -2.515625 C 0.671875 -0.921875 1.59375 0.1875 2.90625 0.1875 C 3.25 0.1875 4.09375 0.125 5.109375 -1.078125 C 5.234375 -0.375 5.828125 0.1875 6.640625 0.1875 C 7.21875 0.1875 7.609375 -0.203125 7.890625 -0.734375 C 8.171875 -1.34375 8.390625 -2.375 8.390625 -2.40625 C 8.390625 -2.578125 8.234375 -2.578125 8.1875 -2.578125 C 8.015625 -2.578125 8 -2.515625 7.953125 -2.28125 C 7.65625 -1.171875 7.359375 -0.1875 6.671875 -0.1875 C 6.21875 -0.1875 6.171875 -0.625 6.171875 -0.953125 C 6.171875 -1.328125 6.203125 -1.46875 6.390625 -2.203125 C 6.5625 -2.90625 6.609375 -3.078125 6.75 -3.71875 L 7.359375 -6.078125 C 7.484375 -6.546875 7.484375 -6.578125 7.484375 -6.65625 C 7.484375 -6.9375 7.28125 -7.109375 6.984375 -7.109375 C 6.578125 -7.109375 6.328125 -6.734375 6.28125 -6.359375 Z M 5.1875 -2 C 5.109375 -1.703125 5.109375 -1.671875 4.84375 -1.375 C 4.109375 -0.453125 3.421875 -0.1875 2.953125 -0.1875 C 2.109375 -0.1875 1.875 -1.109375 1.875 -1.765625 C 1.875 -2.609375 2.40625 -4.6875 2.796875 -5.453125 C 3.3125 -6.453125 4.078125 -7.078125 4.75 -7.078125 C 5.84375 -7.078125 6.078125 -5.6875 6.078125 -5.59375 C 6.078125 -5.484375 6.046875 -5.390625 6.03125 -5.3125 Z M 5.1875 -2 "/>
</symbol>
<symbol overflow="visible" id="glyph5-0">
<path style="stroke:none;" d=""/>
</symbol>
<symbol overflow="visible" id="glyph5-1">
<path style="stroke:none;" d="M 6.078125 -3.765625 C 6.078125 -5.046875 5.921875 -5.984375 5.390625 -6.8125 C 5.015625 -7.34375 4.28125 -7.828125 3.34375 -7.828125 C 0.609375 -7.828125 0.609375 -4.609375 0.609375 -3.765625 C 0.609375 -2.90625 0.609375 0.234375 3.34375 0.234375 C 6.078125 0.234375 6.078125 -2.90625 6.078125 -3.765625 Z M 3.34375 -0.09375 C 2.796875 -0.09375 2.078125 -0.40625 1.84375 -1.375 C 1.6875 -2.078125 1.6875 -3.046875 1.6875 -3.90625 C 1.6875 -4.765625 1.6875 -5.671875 1.859375 -6.3125 C 2.109375 -7.25 2.859375 -7.5 3.34375 -7.5 C 3.984375 -7.5 4.59375 -7.109375 4.8125 -6.421875 C 5 -5.78125 5 -4.9375 5 -3.90625 C 5 -3.046875 5 -2.171875 4.859375 -1.421875 C 4.625 -0.359375 3.8125 -0.09375 3.34375 -0.09375 Z M 3.34375 -0.09375 "/>
</symbol>
<symbol overflow="visible" id="glyph5-2">
<path style="stroke:none;" d="M 5.953125 -2.140625 L 5.546875 -2.140625 C 5.515625 -1.890625 5.390625 -1.1875 5.25 -1.078125 C 5.140625 -1 4.234375 -1 4.078125 -1 L 1.90625 -1 C 3.140625 -2.09375 3.5625 -2.421875 4.265625 -2.984375 C 5.140625 -3.671875 5.953125 -4.40625 5.953125 -5.53125 C 5.953125 -6.953125 4.703125 -7.828125 3.1875 -7.828125 C 1.734375 -7.828125 0.75 -6.796875 0.75 -5.71875 C 0.75 -5.109375 1.25 -5.046875 1.359375 -5.046875 C 1.65625 -5.046875 1.984375 -5.25 1.984375 -5.671875 C 1.984375 -5.890625 1.90625 -6.296875 1.296875 -6.296875 C 1.65625 -7.140625 2.46875 -7.40625 3.015625 -7.40625 C 4.1875 -7.40625 4.8125 -6.484375 4.8125 -5.53125 C 4.8125 -4.5 4.078125 -3.6875 3.703125 -3.265625 L 0.859375 -0.453125 C 0.75 -0.359375 0.75 -0.328125 0.75 0 L 5.59375 0 Z M 5.953125 -2.140625 "/>
</symbol>
<symbol overflow="visible" id="glyph5-3">
<path style="stroke:none;" d="M 3.953125 -7.5 C 3.953125 -7.8125 3.921875 -7.828125 3.59375 -7.828125 C 2.84375 -7.078125 1.765625 -7.0625 1.28125 -7.0625 L 1.28125 -6.640625 C 1.5625 -6.640625 2.34375 -6.640625 3 -6.96875 L 3 -0.96875 C 3 -0.578125 3 -0.421875 1.8125 -0.421875 L 1.359375 -0.421875 L 1.359375 0 C 1.578125 -0.015625 3.03125 -0.046875 3.46875 -0.046875 C 3.828125 -0.046875 5.3125 -0.015625 5.578125 0 L 5.578125 -0.421875 L 5.125 -0.421875 C 3.953125 -0.421875 3.953125 -0.578125 3.953125 -0.96875 Z M 3.953125 -7.5 "/>
</symbol>
<symbol overflow="visible" id="glyph5-4">
<path style="stroke:none;" d="M 3.21875 -3.9375 C 4.140625 -3.9375 4.796875 -3.296875 4.796875 -2.03125 C 4.796875 -0.578125 3.953125 -0.140625 3.265625 -0.140625 C 2.796875 -0.140625 1.75 -0.265625 1.265625 -0.96875 C 1.8125 -0.984375 1.9375 -1.375 1.9375 -1.625 C 1.9375 -2 1.65625 -2.28125 1.296875 -2.28125 C 0.96875 -2.28125 0.640625 -2.078125 0.640625 -1.59375 C 0.640625 -0.484375 1.859375 0.234375 3.28125 0.234375 C 4.921875 0.234375 6.0625 -0.859375 6.0625 -2.03125 C 6.0625 -2.953125 5.296875 -3.875 4 -4.140625 C 5.25 -4.59375 5.6875 -5.484375 5.6875 -6.203125 C 5.6875 -7.125 4.625 -7.828125 3.3125 -7.828125 C 2 -7.828125 1 -7.1875 1 -6.25 C 1 -5.84375 1.265625 -5.625 1.609375 -5.625 C 1.984375 -5.625 2.21875 -5.890625 2.21875 -6.21875 C 2.21875 -6.5625 1.984375 -6.8125 1.609375 -6.828125 C 2.03125 -7.34375 2.84375 -7.484375 3.28125 -7.484375 C 3.8125 -7.484375 4.546875 -7.21875 4.546875 -6.203125 C 4.546875 -5.703125 4.375 -5.15625 4.078125 -4.796875 C 3.6875 -4.34375 3.359375 -4.328125 2.765625 -4.28125 C 2.46875 -4.265625 2.453125 -4.265625 2.390625 -4.25 C 2.375 -4.25 2.28125 -4.234375 2.28125 -4.09375 C 2.28125 -3.9375 2.375 -3.9375 2.578125 -3.9375 Z M 3.21875 -3.9375 "/>
</symbol>
<symbol overflow="visible" id="glyph6-0">
<path style="stroke:none;" d=""/>
</symbol>
<symbol overflow="visible" id="glyph6-1">
<path style="stroke:none;" d="M 6.28125 -6.359375 C 5.984375 -6.984375 5.484375 -7.4375 4.734375 -7.4375 C 2.765625 -7.4375 0.671875 -4.96875 0.671875 -2.515625 C 0.671875 -0.921875 1.59375 0.1875 2.90625 0.1875 C 3.25 0.1875 4.09375 0.125 5.109375 -1.078125 C 5.234375 -0.375 5.828125 0.1875 6.640625 0.1875 C 7.21875 0.1875 7.609375 -0.203125 7.890625 -0.734375 C 8.171875 -1.34375 8.390625 -2.375 8.390625 -2.40625 C 8.390625 -2.578125 8.234375 -2.578125 8.1875 -2.578125 C 8.015625 -2.578125 8 -2.515625 7.953125 -2.28125 C 7.65625 -1.171875 7.359375 -0.1875 6.671875 -0.1875 C 6.21875 -0.1875 6.171875 -0.625 6.171875 -0.953125 C 6.171875 -1.328125 6.203125 -1.46875 6.390625 -2.203125 C 6.5625 -2.90625 6.609375 -3.078125 6.75 -3.71875 L 7.359375 -6.078125 C 7.484375 -6.546875 7.484375 -6.578125 7.484375 -6.65625 C 7.484375 -6.9375 7.28125 -7.109375 6.984375 -7.109375 C 6.578125 -7.109375 6.328125 -6.734375 6.28125 -6.359375 Z M 5.1875 -2 C 5.109375 -1.703125 5.109375 -1.671875 4.84375 -1.375 C 4.109375 -0.453125 3.421875 -0.1875 2.953125 -0.1875 C 2.109375 -0.1875 1.875 -1.109375 1.875 -1.765625 C 1.875 -2.609375 2.40625 -4.6875 2.796875 -5.453125 C 3.3125 -6.453125 4.078125 -7.078125 4.75 -7.078125 C 5.84375 -7.078125 6.078125 -5.6875 6.078125 -5.59375 C 6.078125 -5.484375 6.046875 -5.390625 6.03125 -5.3125 Z M 5.1875 -2 "/>
</symbol>
<symbol overflow="visible" id="glyph7-0">
<path style="stroke:none;" d=""/>
</symbol>
<symbol overflow="visible" id="glyph7-1">
<path style="stroke:none;" d="M 6.078125 -3.765625 C 6.078125 -5.046875 5.921875 -5.984375 5.390625 -6.8125 C 5.015625 -7.34375 4.28125 -7.828125 3.34375 -7.828125 C 0.609375 -7.828125 0.609375 -4.609375 0.609375 -3.765625 C 0.609375 -2.90625 0.609375 0.234375 3.34375 0.234375 C 6.078125 0.234375 6.078125 -2.90625 6.078125 -3.765625 Z M 3.34375 -0.09375 C 2.796875 -0.09375 2.078125 -0.40625 1.84375 -1.375 C 1.6875 -2.078125 1.6875 -3.046875 1.6875 -3.90625 C 1.6875 -4.765625 1.6875 -5.671875 1.859375 -6.3125 C 2.109375 -7.25 2.859375 -7.5 3.34375 -7.5 C 3.984375 -7.5 4.59375 -7.109375 4.8125 -6.421875 C 5 -5.78125 5 -4.9375 5 -3.90625 C 5 -3.046875 5 -2.171875 4.859375 -1.421875 C 4.625 -0.359375 3.8125 -0.09375 3.34375 -0.09375 Z M 3.34375 -0.09375 "/>
</symbol>
<symbol overflow="visible" id="glyph7-2">
<path style="stroke:none;" d="M 3.21875 -3.9375 C 4.140625 -3.9375 4.796875 -3.296875 4.796875 -2.03125 C 4.796875 -0.578125 3.953125 -0.140625 3.265625 -0.140625 C 2.796875 -0.140625 1.75 -0.265625 1.265625 -0.96875 C 1.8125 -0.984375 1.9375 -1.375 1.9375 -1.625 C 1.9375 -2 1.65625 -2.28125 1.296875 -2.28125 C 0.96875 -2.28125 0.640625 -2.078125 0.640625 -1.59375 C 0.640625 -0.484375 1.859375 0.234375 3.28125 0.234375 C 4.921875 0.234375 6.0625 -0.859375 6.0625 -2.03125 C 6.0625 -2.953125 5.296875 -3.875 4 -4.140625 C 5.25 -4.59375 5.6875 -5.484375 5.6875 -6.203125 C 5.6875 -7.125 4.625 -7.828125 3.3125 -7.828125 C 2 -7.828125 1 -7.1875 1 -6.25 C 1 -5.84375 1.265625 -5.625 1.609375 -5.625 C 1.984375 -5.625 2.21875 -5.890625 2.21875 -6.21875 C 2.21875 -6.5625 1.984375 -6.8125 1.609375 -6.828125 C 2.03125 -7.34375 2.84375 -7.484375 3.28125 -7.484375 C 3.8125 -7.484375 4.546875 -7.21875 4.546875 -6.203125 C 4.546875 -5.703125 4.375 -5.15625 4.078125 -4.796875 C 3.6875 -4.34375 3.359375 -4.328125 2.765625 -4.28125 C 2.46875 -4.265625 2.453125 -4.265625 2.390625 -4.25 C 2.375 -4.25 2.28125 -4.234375 2.28125 -4.09375 C 2.28125 -3.9375 2.375 -3.9375 2.578125 -3.9375 Z M 3.21875 -3.9375 "/>
</symbol>
<symbol overflow="visible" id="glyph7-3">
<path style="stroke:none;" d="M 3.953125 -7.5 C 3.953125 -7.8125 3.921875 -7.828125 3.59375 -7.828125 C 2.84375 -7.078125 1.765625 -7.0625 1.28125 -7.0625 L 1.28125 -6.640625 C 1.5625 -6.640625 2.34375 -6.640625 3 -6.96875 L 3 -0.96875 C 3 -0.578125 3 -0.421875 1.8125 -0.421875 L 1.359375 -0.421875 L 1.359375 0 C 1.578125 -0.015625 3.03125 -0.046875 3.46875 -0.046875 C 3.828125 -0.046875 5.3125 -0.015625 5.578125 0 L 5.578125 -0.421875 L 5.125 -0.421875 C 3.953125 -0.421875 3.953125 -0.578125 3.953125 -0.96875 Z M 3.953125 -7.5 "/>
</symbol>
<symbol overflow="visible" id="glyph7-4">
<path style="stroke:none;" d="M 5.953125 -2.140625 L 5.546875 -2.140625 C 5.515625 -1.890625 5.390625 -1.1875 5.25 -1.078125 C 5.140625 -1 4.234375 -1 4.078125 -1 L 1.90625 -1 C 3.140625 -2.09375 3.5625 -2.421875 4.265625 -2.984375 C 5.140625 -3.671875 5.953125 -4.40625 5.953125 -5.53125 C 5.953125 -6.953125 4.703125 -7.828125 3.1875 -7.828125 C 1.734375 -7.828125 0.75 -6.796875 0.75 -5.71875 C 0.75 -5.109375 1.25 -5.046875 1.359375 -5.046875 C 1.65625 -5.046875 1.984375 -5.25 1.984375 -5.671875 C 1.984375 -5.890625 1.90625 -6.296875 1.296875 -6.296875 C 1.65625 -7.140625 2.46875 -7.40625 3.015625 -7.40625 C 4.1875 -7.40625 4.8125 -6.484375 4.8125 -5.53125 C 4.8125 -4.5 4.078125 -3.6875 3.703125 -3.265625 L 0.859375 -0.453125 C 0.75 -0.359375 0.75 -0.328125 0.75 0 L 5.59375 0 Z M 5.953125 -2.140625 "/>
</symbol>
<symbol overflow="visible" id="glyph8-0">
<path style="stroke:none;" d=""/>
</symbol>
<symbol overflow="visible" id="glyph8-1">
<path style="stroke:none;" d="M 6.28125 -6.359375 C 5.984375 -6.984375 5.484375 -7.4375 4.734375 -7.4375 C 2.765625 -7.4375 0.671875 -4.96875 0.671875 -2.515625 C 0.671875 -0.921875 1.59375 0.1875 2.90625 0.1875 C 3.25 0.1875 4.09375 0.125 5.109375 -1.078125 C 5.234375 -0.375 5.828125 0.1875 6.640625 0.1875 C 7.21875 0.1875 7.609375 -0.203125 7.890625 -0.734375 C 8.171875 -1.34375 8.390625 -2.375 8.390625 -2.40625 C 8.390625 -2.578125 8.234375 -2.578125 8.1875 -2.578125 C 8.015625 -2.578125 8 -2.515625 7.953125 -2.28125 C 7.65625 -1.171875 7.359375 -0.1875 6.671875 -0.1875 C 6.21875 -0.1875 6.171875 -0.625 6.171875 -0.953125 C 6.171875 -1.328125 6.203125 -1.46875 6.390625 -2.203125 C 6.5625 -2.90625 6.609375 -3.078125 6.75 -3.71875 L 7.359375 -6.078125 C 7.484375 -6.546875 7.484375 -6.578125 7.484375 -6.65625 C 7.484375 -6.9375 7.28125 -7.109375 6.984375 -7.109375 C 6.578125 -7.109375 6.328125 -6.734375 6.28125 -6.359375 Z M 5.1875 -2 C 5.109375 -1.703125 5.109375 -1.671875 4.84375 -1.375 C 4.109375 -0.453125 3.421875 -0.1875 2.953125 -0.1875 C 2.109375 -0.1875 1.875 -1.109375 1.875 -1.765625 C 1.875 -2.609375 2.40625 -4.6875 2.796875 -5.453125 C 3.3125 -6.453125 4.078125 -7.078125 4.75 -7.078125 C 5.84375 -7.078125 6.078125 -5.6875 6.078125 -5.59375 C 6.078125 -5.484375 6.046875 -5.390625 6.03125 -5.3125 Z M 5.1875 -2 "/>
</symbol>
<symbol overflow="visible" id="glyph9-0">
<path style="stroke:none;" d=""/>
</symbol>
<symbol overflow="visible" id="glyph9-1">
<path style="stroke:none;" d="M 3.953125 -7.5 C 3.953125 -7.8125 3.921875 -7.828125 3.59375 -7.828125 C 2.84375 -7.078125 1.765625 -7.0625 1.28125 -7.0625 L 1.28125 -6.640625 C 1.5625 -6.640625 2.34375 -6.640625 3 -6.96875 L 3 -0.96875 C 3 -0.578125 3 -0.421875 1.8125 -0.421875 L 1.359375 -0.421875 L 1.359375 0 C 1.578125 -0.015625 3.03125 -0.046875 3.46875 -0.046875 C 3.828125 -0.046875 5.3125 -0.015625 5.578125 0 L 5.578125 -0.421875 L 5.125 -0.421875 C 3.953125 -0.421875 3.953125 -0.578125 3.953125 -0.96875 Z M 3.953125 -7.5 "/>
</symbol>
<symbol overflow="visible" id="glyph9-2">
<path style="stroke:none;" d="M 6.078125 -3.765625 C 6.078125 -5.046875 5.921875 -5.984375 5.390625 -6.8125 C 5.015625 -7.34375 4.28125 -7.828125 3.34375 -7.828125 C 0.609375 -7.828125 0.609375 -4.609375 0.609375 -3.765625 C 0.609375 -2.90625 0.609375 0.234375 3.34375 0.234375 C 6.078125 0.234375 6.078125 -2.90625 6.078125 -3.765625 Z M 3.34375 -0.09375 C 2.796875 -0.09375 2.078125 -0.40625 1.84375 -1.375 C 1.6875 -2.078125 1.6875 -3.046875 1.6875 -3.90625 C 1.6875 -4.765625 1.6875 -5.671875 1.859375 -6.3125 C 2.109375 -7.25 2.859375 -7.5 3.34375 -7.5 C 3.984375 -7.5 4.59375 -7.109375 4.8125 -6.421875 C 5 -5.78125 5 -4.9375 5 -3.90625 C 5 -3.046875 5 -2.171875 4.859375 -1.421875 C 4.625 -0.359375 3.8125 -0.09375 3.34375 -0.09375 Z M 3.34375 -0.09375 "/>
</symbol>
<symbol overflow="visible" id="glyph9-3">
<path style="stroke:none;" d="M 5.953125 -2.140625 L 5.546875 -2.140625 C 5.515625 -1.890625 5.390625 -1.1875 5.25 -1.078125 C 5.140625 -1 4.234375 -1 4.078125 -1 L 1.90625 -1 C 3.140625 -2.09375 3.5625 -2.421875 4.265625 -2.984375 C 5.140625 -3.671875 5.953125 -4.40625 5.953125 -5.53125 C 5.953125 -6.953125 4.703125 -7.828125 3.1875 -7.828125 C 1.734375 -7.828125 0.75 -6.796875 0.75 -5.71875 C 0.75 -5.109375 1.25 -5.046875 1.359375 -5.046875 C 1.65625 -5.046875 1.984375 -5.25 1.984375 -5.671875 C 1.984375 -5.890625 1.90625 -6.296875 1.296875 -6.296875 C 1.65625 -7.140625 2.46875 -7.40625 3.015625 -7.40625 C 4.1875 -7.40625 4.8125 -6.484375 4.8125 -5.53125 C 4.8125 -4.5 4.078125 -3.6875 3.703125 -3.265625 L 0.859375 -0.453125 C 0.75 -0.359375 0.75 -0.328125 0.75 0 L 5.59375 0 Z M 5.953125 -2.140625 "/>
</symbol>
<symbol overflow="visible" id="glyph10-0">
<path style="stroke:none;" d=""/>
</symbol>
<symbol overflow="visible" id="glyph10-1">
<path style="stroke:none;" d="M 6.28125 -6.359375 C 5.984375 -6.984375 5.484375 -7.4375 4.734375 -7.4375 C 2.765625 -7.4375 0.671875 -4.96875 0.671875 -2.515625 C 0.671875 -0.921875 1.59375 0.1875 2.90625 0.1875 C 3.25 0.1875 4.09375 0.125 5.109375 -1.078125 C 5.234375 -0.375 5.828125 0.1875 6.640625 0.1875 C 7.21875 0.1875 7.609375 -0.203125 7.890625 -0.734375 C 8.171875 -1.34375 8.390625 -2.375 8.390625 -2.40625 C 8.390625 -2.578125 8.234375 -2.578125 8.1875 -2.578125 C 8.015625 -2.578125 8 -2.515625 7.953125 -2.28125 C 7.65625 -1.171875 7.359375 -0.1875 6.671875 -0.1875 C 6.21875 -0.1875 6.171875 -0.625 6.171875 -0.953125 C 6.171875 -1.328125 6.203125 -1.46875 6.390625 -2.203125 C 6.5625 -2.90625 6.609375 -3.078125 6.75 -3.71875 L 7.359375 -6.078125 C 7.484375 -6.546875 7.484375 -6.578125 7.484375 -6.65625 C 7.484375 -6.9375 7.28125 -7.109375 6.984375 -7.109375 C 6.578125 -7.109375 6.328125 -6.734375 6.28125 -6.359375 Z M 5.1875 -2 C 5.109375 -1.703125 5.109375 -1.671875 4.84375 -1.375 C 4.109375 -0.453125 3.421875 -0.1875 2.953125 -0.1875 C 2.109375 -0.1875 1.875 -1.109375 1.875 -1.765625 C 1.875 -2.609375 2.40625 -4.6875 2.796875 -5.453125 C 3.3125 -6.453125 4.078125 -7.078125 4.75 -7.078125 C 5.84375 -7.078125 6.078125 -5.6875 6.078125 -5.59375 C 6.078125 -5.484375 6.046875 -5.390625 6.03125 -5.3125 Z M 5.1875 -2 "/>
</symbol>
<symbol overflow="visible" id="glyph11-0">
<path style="stroke:none;" d=""/>
</symbol>
<symbol overflow="visible" id="glyph11-1">
<path style="stroke:none;" d="M 3.953125 -7.5 C 3.953125 -7.8125 3.921875 -7.828125 3.59375 -7.828125 C 2.84375 -7.078125 1.765625 -7.0625 1.28125 -7.0625 L 1.28125 -6.640625 C 1.5625 -6.640625 2.34375 -6.640625 3 -6.96875 L 3 -0.96875 C 3 -0.578125 3 -0.421875 1.8125 -0.421875 L 1.359375 -0.421875 L 1.359375 0 C 1.578125 -0.015625 3.03125 -0.046875 3.46875 -0.046875 C 3.828125 -0.046875 5.3125 -0.015625 5.578125 0 L 5.578125 -0.421875 L 5.125 -0.421875 C 3.953125 -0.421875 3.953125 -0.578125 3.953125 -0.96875 Z M 3.953125 -7.5 "/>
</symbol>
<symbol overflow="visible" id="glyph11-2">
<path style="stroke:none;" d="M 6.078125 -3.765625 C 6.078125 -5.046875 5.921875 -5.984375 5.390625 -6.8125 C 5.015625 -7.34375 4.28125 -7.828125 3.34375 -7.828125 C 0.609375 -7.828125 0.609375 -4.609375 0.609375 -3.765625 C 0.609375 -2.90625 0.609375 0.234375 3.34375 0.234375 C 6.078125 0.234375 6.078125 -2.90625 6.078125 -3.765625 Z M 3.34375 -0.09375 C 2.796875 -0.09375 2.078125 -0.40625 1.84375 -1.375 C 1.6875 -2.078125 1.6875 -3.046875 1.6875 -3.90625 C 1.6875 -4.765625 1.6875 -5.671875 1.859375 -6.3125 C 2.109375 -7.25 2.859375 -7.5 3.34375 -7.5 C 3.984375 -7.5 4.59375 -7.109375 4.8125 -6.421875 C 5 -5.78125 5 -4.9375 5 -3.90625 C 5 -3.046875 5 -2.171875 4.859375 -1.421875 C 4.625 -0.359375 3.8125 -0.09375 3.34375 -0.09375 Z M 3.34375 -0.09375 "/>
</symbol>
<symbol overflow="visible" id="glyph11-3">
<path style="stroke:none;" d="M 3.21875 -3.9375 C 4.140625 -3.9375 4.796875 -3.296875 4.796875 -2.03125 C 4.796875 -0.578125 3.953125 -0.140625 3.265625 -0.140625 C 2.796875 -0.140625 1.75 -0.265625 1.265625 -0.96875 C 1.8125 -0.984375 1.9375 -1.375 1.9375 -1.625 C 1.9375 -2 1.65625 -2.28125 1.296875 -2.28125 C 0.96875 -2.28125 0.640625 -2.078125 0.640625 -1.59375 C 0.640625 -0.484375 1.859375 0.234375 3.28125 0.234375 C 4.921875 0.234375 6.0625 -0.859375 6.0625 -2.03125 C 6.0625 -2.953125 5.296875 -3.875 4 -4.140625 C 5.25 -4.59375 5.6875 -5.484375 5.6875 -6.203125 C 5.6875 -7.125 4.625 -7.828125 3.3125 -7.828125 C 2 -7.828125 1 -7.1875 1 -6.25 C 1 -5.84375 1.265625 -5.625 1.609375 -5.625 C 1.984375 -5.625 2.21875 -5.890625 2.21875 -6.21875 C 2.21875 -6.5625 1.984375 -6.8125 1.609375 -6.828125 C 2.03125 -7.34375 2.84375 -7.484375 3.28125 -7.484375 C 3.8125 -7.484375 4.546875 -7.21875 4.546875 -6.203125 C 4.546875 -5.703125 4.375 -5.15625 4.078125 -4.796875 C 3.6875 -4.34375 3.359375 -4.328125 2.765625 -4.28125 C 2.46875 -4.265625 2.453125 -4.265625 2.390625 -4.25 C 2.375 -4.25 2.28125 -4.234375 2.28125 -4.09375 C 2.28125 -3.9375 2.375 -3.9375 2.578125 -3.9375 Z M 3.21875 -3.9375 "/>
</symbol>
<symbol overflow="visible" id="glyph12-0">
<path style="stroke:none;" d=""/>
</symbol>
<symbol overflow="visible" id="glyph12-1">
<path style="stroke:none;" d="M 6.28125 -6.359375 C 5.984375 -6.984375 5.484375 -7.4375 4.734375 -7.4375 C 2.765625 -7.4375 0.671875 -4.96875 0.671875 -2.515625 C 0.671875 -0.921875 1.59375 0.1875 2.90625 0.1875 C 3.25 0.1875 4.09375 0.125 5.109375 -1.078125 C 5.234375 -0.375 5.828125 0.1875 6.640625 0.1875 C 7.21875 0.1875 7.609375 -0.203125 7.890625 -0.734375 C 8.171875 -1.34375 8.390625 -2.375 8.390625 -2.40625 C 8.390625 -2.578125 8.234375 -2.578125 8.1875 -2.578125 C 8.015625 -2.578125 8 -2.515625 7.953125 -2.28125 C 7.65625 -1.171875 7.359375 -0.1875 6.671875 -0.1875 C 6.21875 -0.1875 6.171875 -0.625 6.171875 -0.953125 C 6.171875 -1.328125 6.203125 -1.46875 6.390625 -2.203125 C 6.5625 -2.90625 6.609375 -3.078125 6.75 -3.71875 L 7.359375 -6.078125 C 7.484375 -6.546875 7.484375 -6.578125 7.484375 -6.65625 C 7.484375 -6.9375 7.28125 -7.109375 6.984375 -7.109375 C 6.578125 -7.109375 6.328125 -6.734375 6.28125 -6.359375 Z M 5.1875 -2 C 5.109375 -1.703125 5.109375 -1.671875 4.84375 -1.375 C 4.109375 -0.453125 3.421875 -0.1875 2.953125 -0.1875 C 2.109375 -0.1875 1.875 -1.109375 1.875 -1.765625 C 1.875 -2.609375 2.40625 -4.6875 2.796875 -5.453125 C 3.3125 -6.453125 4.078125 -7.078125 4.75 -7.078125 C 5.84375 -7.078125 6.078125 -5.6875 6.078125 -5.59375 C 6.078125 -5.484375 6.046875 -5.390625 6.03125 -5.3125 Z M 5.1875 -2 "/>
</symbol>
<symbol overflow="visible" id="glyph13-0">
<path style="stroke:none;" d=""/>
</symbol>
<symbol overflow="visible" id="glyph13-1">
<path style="stroke:none;" d="M 3.953125 -7.5 C 3.953125 -7.8125 3.921875 -7.828125 3.59375 -7.828125 C 2.84375 -7.078125 1.765625 -7.0625 1.28125 -7.0625 L 1.28125 -6.640625 C 1.5625 -6.640625 2.34375 -6.640625 3 -6.96875 L 3 -0.96875 C 3 -0.578125 3 -0.421875 1.8125 -0.421875 L 1.359375 -0.421875 L 1.359375 0 C 1.578125 -0.015625 3.03125 -0.046875 3.46875 -0.046875 C 3.828125 -0.046875 5.3125 -0.015625 5.578125 0 L 5.578125 -0.421875 L 5.125 -0.421875 C 3.953125 -0.421875 3.953125 -0.578125 3.953125 -0.96875 Z M 3.953125 -7.5 "/>
</symbol>
<symbol overflow="visible" id="glyph13-2">
<path style="stroke:none;" d="M 5.953125 -2.140625 L 5.546875 -2.140625 C 5.515625 -1.890625 5.390625 -1.1875 5.25 -1.078125 C 5.140625 -1 4.234375 -1 4.078125 -1 L 1.90625 -1 C 3.140625 -2.09375 3.5625 -2.421875 4.265625 -2.984375 C 5.140625 -3.671875 5.953125 -4.40625 5.953125 -5.53125 C 5.953125 -6.953125 4.703125 -7.828125 3.1875 -7.828125 C 1.734375 -7.828125 0.75 -6.796875 0.75 -5.71875 C 0.75 -5.109375 1.25 -5.046875 1.359375 -5.046875 C 1.65625 -5.046875 1.984375 -5.25 1.984375 -5.671875 C 1.984375 -5.890625 1.90625 -6.296875 1.296875 -6.296875 C 1.65625 -7.140625 2.46875 -7.40625 3.015625 -7.40625 C 4.1875 -7.40625 4.8125 -6.484375 4.8125 -5.53125 C 4.8125 -4.5 4.078125 -3.6875 3.703125 -3.265625 L 0.859375 -0.453125 C 0.75 -0.359375 0.75 -0.328125 0.75 0 L 5.59375 0 Z M 5.953125 -2.140625 "/>
</symbol>
<symbol overflow="visible" id="glyph14-0">
<path style="stroke:none;" d=""/>
</symbol>
<symbol overflow="visible" id="glyph14-1">
<path style="stroke:none;" d="M 3.234375 -0.890625 C 3.234375 -1.375 2.828125 -1.78125 2.34375 -1.78125 C 1.859375 -1.78125 1.453125 -1.375 1.453125 -0.890625 C 1.453125 -0.40625 1.859375 0 2.34375 0 C 2.828125 0 3.234375 -0.40625 3.234375 -0.890625 Z M 3.234375 -0.890625 "/>
</symbol>
<symbol overflow="visible" id="glyph15-0">
<path style="stroke:none;" d=""/>
</symbol>
<symbol overflow="visible" id="glyph15-1">
<path style="stroke:none;" d="M 4.609375 -9.6875 C 4.609375 -10.0625 4.59375 -10.09375 4.21875 -10.09375 C 3.28125 -9.125 1.875 -9.125 1.40625 -9.125 L 1.40625 -8.65625 C 1.703125 -8.65625 2.625 -8.65625 3.4375 -9.046875 L 3.4375 -1.21875 C 3.4375 -0.65625 3.390625 -0.46875 1.984375 -0.46875 L 1.5 -0.46875 L 1.5 0 C 2.046875 -0.046875 3.390625 -0.046875 4.015625 -0.046875 C 4.640625 -0.046875 6 -0.046875 6.546875 0 L 6.546875 -0.46875 L 6.0625 -0.46875 C 4.65625 -0.46875 4.609375 -0.65625 4.609375 -1.21875 Z M 4.609375 -9.6875 "/>
</symbol>
<symbol overflow="visible" id="glyph15-2">
<path style="stroke:none;" d="M 0.953125 -9.875 C 2.125 -9.875 2.15625 -9.71875 2.15625 -9.15625 L 2.15625 -1.203125 C 2.15625 -0.640625 2.125 -0.46875 0.953125 -0.46875 L 0.609375 -0.46875 L 0.609375 0 L 6.25 0 C 8.859375 0 11.015625 -2.25 11.015625 -5.09375 C 11.015625 -7.96875 8.90625 -10.359375 6.25 -10.359375 L 0.609375 -10.359375 L 0.609375 -9.875 Z M 4.21875 -0.46875 C 3.5 -0.46875 3.46875 -0.578125 3.46875 -1.09375 L 3.46875 -9.265625 C 3.46875 -9.78125 3.5 -9.875 4.21875 -9.875 L 5.828125 -9.875 C 7.3125 -9.875 8.21875 -9.109375 8.625 -8.5625 C 9.296875 -7.6875 9.515625 -6.59375 9.515625 -5.09375 C 9.515625 -4.46875 9.515625 -2.875 8.6875 -1.8125 C 7.890625 -0.78125 6.8125 -0.46875 5.84375 -0.46875 Z M 4.21875 -0.46875 "/>
</symbol>
<symbol overflow="visible" id="glyph15-3">
<path style="stroke:none;" d="M 5.1875 -1.09375 C 5.265625 -0.453125 5.703125 0.09375 6.34375 0.09375 C 6.734375 0.09375 7.6875 -0.140625 7.6875 -1.34375 L 7.6875 -2.203125 L 7.265625 -2.203125 L 7.265625 -1.359375 C 7.265625 -1.203125 7.265625 -0.4375 6.71875 -0.4375 C 6.171875 -0.4375 6.171875 -1.171875 6.171875 -1.40625 L 6.171875 -4.0625 C 6.171875 -4.921875 6.171875 -5.4375 5.484375 -6.0625 C 4.921875 -6.5625 4.203125 -6.796875 3.4375 -6.796875 C 2.171875 -6.796875 1.109375 -6.15625 1.109375 -5.1875 C 1.109375 -4.71875 1.421875 -4.453125 1.8125 -4.453125 C 2.234375 -4.453125 2.515625 -4.765625 2.515625 -5.15625 C 2.515625 -5.8125 1.84375 -5.875 1.828125 -5.875 C 2.25 -6.28125 2.96875 -6.40625 3.40625 -6.40625 C 4.1875 -6.40625 5.046875 -5.828125 5.046875 -4.5 L 5.046875 -4 C 4.234375 -3.96875 3.09375 -3.890625 2.078125 -3.40625 C 0.984375 -2.875 0.65625 -2.09375 0.65625 -1.484375 C 0.65625 -0.25 2.125 0.171875 3.140625 0.171875 C 4.390625 0.171875 4.96875 -0.671875 5.1875 -1.09375 Z M 5.046875 -2.140625 C 5.046875 -0.671875 3.90625 -0.21875 3.25 -0.21875 C 2.53125 -0.21875 1.859375 -0.734375 1.859375 -1.484375 C 1.859375 -2.484375 2.734375 -3.546875 5.046875 -3.640625 Z M 5.046875 -2.140625 "/>
</symbol>
<symbol overflow="visible" id="glyph15-4">
<path style="stroke:none;" d="M 2.703125 -3.46875 C 2.703125 -4.09375 2.859375 -6.3125 4.59375 -6.3125 C 4.5625 -6.296875 4.3125 -6.109375 4.3125 -5.75 C 4.3125 -5.328125 4.640625 -5.078125 4.984375 -5.078125 C 5.3125 -5.078125 5.65625 -5.3125 5.65625 -5.765625 C 5.65625 -6.25 5.203125 -6.703125 4.515625 -6.703125 C 3.609375 -6.703125 2.96875 -6.0625 2.625 -5.125 L 2.609375 -5.125 L 2.609375 -6.703125 L 0.453125 -6.53125 L 0.453125 -6.0625 C 1.484375 -6.0625 1.625 -5.953125 1.625 -5.21875 L 1.625 -1.171875 C 1.625 -0.46875 1.453125 -0.46875 0.453125 -0.46875 L 0.453125 0 C 1.265625 -0.03125 1.453125 -0.046875 2.234375 -0.046875 C 2.828125 -0.046875 3.203125 -0.03125 4.15625 0 L 4.15625 -0.46875 L 3.84375 -0.46875 C 2.75 -0.46875 2.703125 -0.640625 2.703125 -1.203125 Z M 2.703125 -3.46875 "/>
</symbol>
<symbol overflow="visible" id="glyph15-5">
<path style="stroke:none;" d="M 2.765625 -5.34375 C 2.671875 -5.5625 2.671875 -5.640625 2.671875 -5.671875 C 2.671875 -6.0625 3.1875 -6.0625 3.5 -6.0625 L 3.5 -6.53125 C 2.765625 -6.5 2.453125 -6.484375 1.8125 -6.484375 C 1.765625 -6.484375 0.90625 -6.484375 0.3125 -6.53125 L 0.3125 -6.0625 C 1 -6.0625 1.28125 -6.03125 1.46875 -5.625 L 3.859375 0 L 3.484375 0.890625 C 3.15625 1.703125 2.71875 2.734375 1.734375 2.734375 C 1.34375 2.734375 1.09375 2.53125 1.046875 2.5 C 1.171875 2.484375 1.59375 2.359375 1.59375 1.84375 C 1.59375 1.453125 1.296875 1.21875 0.953125 1.21875 C 0.578125 1.21875 0.296875 1.453125 0.296875 1.859375 C 0.296875 2.546875 0.9375 3.109375 1.734375 3.109375 C 2.71875 3.109375 3.359375 2.234375 3.734375 1.390625 L 6.46875 -5.015625 C 6.640625 -5.40625 6.90625 -6.03125 7.875 -6.0625 L 7.875 -6.53125 C 7.390625 -6.484375 6.921875 -6.484375 6.734375 -6.484375 C 6.3125 -6.484375 5.828125 -6.5 5.40625 -6.53125 L 5.40625 -6.0625 C 6.109375 -6.03125 6.109375 -5.484375 6.109375 -5.421875 C 6.109375 -5.265625 6.046875 -5.109375 5.984375 -4.984375 L 4.453125 -1.375 Z M 2.765625 -5.34375 "/>
</symbol>
<symbol overflow="visible" id="glyph15-6">
<path style="stroke:none;" d="M 2.78125 -6.703125 L 0.609375 -6.53125 L 0.609375 -6.0625 C 1.578125 -6.0625 1.71875 -5.96875 1.71875 -5.234375 L 1.71875 -1.171875 C 1.71875 -0.46875 1.546875 -0.46875 0.546875 -0.46875 L 0.546875 0 C 1.234375 -0.03125 1.546875 -0.046875 2.21875 -0.046875 C 2.453125 -0.046875 3.09375 -0.046875 3.828125 0 L 3.828125 -0.46875 C 2.84375 -0.46875 2.78125 -0.546875 2.78125 -1.140625 Z M 2.828125 -9.34375 C 2.828125 -9.796875 2.46875 -10.15625 2.015625 -10.15625 C 1.546875 -10.15625 1.203125 -9.78125 1.203125 -9.34375 C 1.203125 -8.890625 1.546875 -8.515625 2.015625 -8.515625 C 2.46875 -8.515625 2.828125 -8.875 2.828125 -9.34375 Z M 2.828125 -9.34375 "/>
</symbol>
<symbol overflow="visible" id="glyph15-7">
<path style="stroke:none;" d="M 2.8125 -3.921875 C 2.8125 -5.53125 3.953125 -6.3125 4.90625 -6.3125 C 5.8125 -6.3125 6 -5.578125 6 -4.671875 L 6 -1.171875 C 6 -0.46875 5.828125 -0.46875 4.828125 -0.46875 L 4.828125 0 C 5.546875 -0.03125 5.828125 -0.046875 6.5625 -0.046875 C 7.296875 -0.046875 7.484375 -0.03125 8.296875 0 L 8.296875 -0.46875 C 7.515625 -0.46875 7.140625 -0.46875 7.125 -0.9375 L 7.125 -3.84375 C 7.125 -5.109375 7.125 -5.546875 6.703125 -6.078125 C 6.34375 -6.5 5.78125 -6.703125 5.015625 -6.703125 C 3.609375 -6.703125 2.953125 -5.65625 2.75 -5.234375 L 2.734375 -5.234375 L 2.734375 -6.703125 L 0.53125 -6.53125 L 0.53125 -6.0625 C 1.5625 -6.0625 1.703125 -5.953125 1.703125 -5.21875 L 1.703125 -1.171875 C 1.703125 -0.46875 1.53125 -0.46875 0.53125 -0.46875 L 0.53125 0 C 1.25 -0.03125 1.53125 -0.046875 2.265625 -0.046875 C 2.984375 -0.046875 3.1875 -0.03125 3.984375 0 L 3.984375 -0.46875 C 2.984375 -0.46875 2.8125 -0.46875 2.8125 -1.171875 Z M 2.8125 -3.921875 "/>
</symbol>
<symbol overflow="visible" id="glyph15-8">
<path style="stroke:none;" d="M 2.8125 -3.921875 C 2.8125 -5.5625 4 -6.3125 4.90625 -6.3125 C 5.75 -6.3125 6.015625 -5.734375 6.015625 -4.671875 L 6.015625 -1.171875 C 6.015625 -0.46875 5.84375 -0.46875 4.84375 -0.46875 L 4.84375 0 C 5.5625 -0.03125 5.84375 -0.046875 6.578125 -0.046875 C 7.3125 -0.046875 7.5 -0.03125 8.3125 0 L 8.3125 -0.46875 C 7.3125 -0.46875 7.140625 -0.46875 7.140625 -1.171875 L 7.140625 -3.921875 C 7.140625 -5.5625 8.328125 -6.3125 9.234375 -6.3125 C 10.0625 -6.3125 10.34375 -5.734375 10.34375 -4.671875 L 10.34375 -1.171875 C 10.34375 -0.46875 10.171875 -0.46875 9.171875 -0.46875 L 9.171875 0 C 9.875 -0.03125 10.171875 -0.046875 10.890625 -0.046875 C 11.625 -0.046875 11.828125 -0.03125 12.625 0 L 12.625 -0.46875 C 11.859375 -0.46875 11.46875 -0.46875 11.453125 -0.9375 L 11.453125 -3.84375 C 11.453125 -5.171875 11.453125 -5.59375 10.953125 -6.15625 C 10.640625 -6.515625 10.03125 -6.703125 9.34375 -6.703125 C 8.25 -6.703125 7.5 -6.0625 7.078125 -5.265625 C 6.890625 -6.15625 6.296875 -6.703125 5.015625 -6.703125 C 3.796875 -6.703125 3.0625 -5.90625 2.75 -5.21875 L 2.734375 -5.21875 L 2.734375 -6.703125 L 0.53125 -6.53125 L 0.53125 -6.0625 C 1.5625 -6.0625 1.703125 -5.953125 1.703125 -5.21875 L 1.703125 -1.171875 C 1.703125 -0.46875 1.53125 -0.46875 0.53125 -0.46875 L 0.53125 0 C 1.25 -0.03125 1.53125 -0.046875 2.265625 -0.046875 C 2.984375 -0.046875 3.1875 -0.03125 3.984375 0 L 3.984375 -0.46875 C 2.984375 -0.46875 2.8125 -0.46875 2.8125 -1.171875 Z M 2.8125 -3.921875 "/>
</symbol>
<symbol overflow="visible" id="glyph15-9">
<path style="stroke:none;" d="M 6.0625 -3.46875 C 6.390625 -3.46875 6.46875 -3.46875 6.46875 -3.796875 C 6.46875 -5.34375 5.625 -6.796875 3.6875 -6.796875 C 1.859375 -6.796875 0.4375 -5.21875 0.4375 -3.328125 C 0.4375 -1.34375 2.03125 0.171875 3.875 0.171875 C 5.734375 0.171875 6.46875 -1.453125 6.46875 -1.796875 C 6.46875 -1.90625 6.390625 -2 6.265625 -2 C 6.109375 -2 6.0625 -1.890625 6.046875 -1.828125 C 5.53125 -0.28125 4.1875 -0.25 3.953125 -0.25 C 3.234375 -0.25 2.609375 -0.671875 2.265625 -1.1875 C 1.765625 -1.921875 1.75 -2.828125 1.75 -3.46875 Z M 1.765625 -3.828125 C 1.890625 -6.171875 3.265625 -6.40625 3.6875 -6.40625 C 4.515625 -6.40625 5.421875 -5.78125 5.4375 -3.828125 Z M 1.765625 -3.828125 "/>
</symbol>
<symbol overflow="visible" id="glyph15-10">
<path style="stroke:none;" d="M 7.328125 -3.234375 C 7.328125 -5.21875 5.765625 -6.796875 3.890625 -6.796875 C 1.96875 -6.796875 0.4375 -5.171875 0.4375 -3.234375 C 0.4375 -1.328125 2.015625 0.171875 3.875 0.171875 C 5.8125 0.171875 7.328125 -1.359375 7.328125 -3.234375 Z M 3.890625 -0.25 C 3.140625 -0.25 2.5 -0.640625 2.15625 -1.234375 C 1.765625 -1.859375 1.75 -2.671875 1.75 -3.359375 C 1.75 -3.921875 1.75 -4.796875 2.125 -5.40625 C 2.578125 -6.1875 3.328125 -6.40625 3.875 -6.40625 C 4.75 -6.40625 5.359375 -5.921875 5.671875 -5.40625 C 6.015625 -4.78125 6.03125 -4 6.03125 -3.359375 C 6.03125 -2.796875 6.03125 -1.921875 5.65625 -1.265625 C 5.234375 -0.5625 4.53125 -0.25 3.890625 -0.25 Z M 3.890625 -0.25 "/>
</symbol>
<symbol overflow="visible" id="glyph15-11">
<path style="stroke:none;" d="M 2.96875 -5.71875 C 2.96875 -6.171875 2.609375 -6.53125 2.15625 -6.53125 C 1.703125 -6.53125 1.328125 -6.171875 1.328125 -5.71875 C 1.328125 -5.28125 1.703125 -4.890625 2.15625 -4.890625 C 2.609375 -4.890625 2.96875 -5.28125 2.96875 -5.71875 Z M 2.96875 -0.8125 C 2.96875 -1.265625 2.609375 -1.640625 2.15625 -1.640625 C 1.703125 -1.640625 1.328125 -1.265625 1.328125 -0.8125 C 1.328125 -0.359375 1.703125 0 2.15625 0 C 2.609375 0 2.96875 -0.359375 2.96875 -0.8125 Z M 2.96875 -0.8125 "/>
</symbol>
</g>
</defs>
<g id="surface1396">
<path style="fill:none;stroke-width:0.4;stroke-linecap:butt;stroke-linejoin:round;stroke:rgb(0%,0%,0%);stroke-opacity:1;stroke-miterlimit:10;" d="M 63.999982 551.999371 L 71.999704 551.999371 L 63.999982 543.999649 L 71.999704 543.999649 L 79.999427 551.999371 L 87.999149 551.999371 L 79.999427 543.999649 L 87.999149 543.999649 L 63.999982 535.999926 L 71.999704 535.999926 L 63.999982 528.000203 L 71.999704 528.000203 L 79.999427 535.999926 L 87.999149 535.999926 L 79.999427 528.000203 L 87.999149 528.000203 " transform="matrix(1.69,0,0,-1.69,-53.742,1406.418)"/>
<path style="fill:none;stroke-width:0.4;stroke-linecap:butt;stroke-linejoin:round;stroke:rgb(0%,0%,0%);stroke-opacity:1;stroke-miterlimit:10;" d="M 95.998872 551.999371 L 104.000906 551.999371 L 95.998872 543.999649 L 104.000906 543.999649 L 112.000629 551.999371 L 120.000351 551.999371 L 112.000629 543.999649 L 120.000351 543.999649 L 95.998872 535.999926 L 104.000906 535.999926 L 95.998872 528.000203 L 104.000906 528.000203 L 112.000629 535.999926 L 120.000351 535.999926 L 112.000629 528.000203 L 120.000351 528.000203 " transform="matrix(1.69,0,0,-1.69,-53.742,1406.418)"/>
<path style="fill:none;stroke-width:0.4;stroke-linecap:butt;stroke-linejoin:round;stroke:rgb(0%,0%,0%);stroke-opacity:1;stroke-miterlimit:10;" d="M 63.999982 520.000481 L 71.999704 520.000481 L 63.999982 512.000758 L 71.999704 512.000758 L 79.999427 520.000481 L 87.999149 520.000481 L 79.999427 512.000758 L 87.999149 512.000758 L 63.999982 504.001036 L 71.999704 504.001036 L 63.999982 495.999001 L 71.999704 495.999001 L 79.999427 504.001036 L 87.999149 504.001036 L 79.999427 495.999001 L 87.999149 495.999001 " transform="matrix(1.69,0,0,-1.69,-53.742,1406.418)"/>
<path style="fill:none;stroke-width:0.4;stroke-linecap:butt;stroke-linejoin:round;stroke:rgb(0%,0%,0%);stroke-opacity:1;stroke-miterlimit:10;" d="M 95.998872 520.000481 L 104.000906 520.000481 L 95.998872 512.000758 L 104.000906 512.000758 L 112.000629 520.000481 L 120.000351 520.000481 L 112.000629 512.000758 L 120.000351 512.000758 L 95.998872 504.001036 L 104.000906 504.001036 L 95.998872 495.999001 L 104.000906 495.999001 L 112.000629 504.001036 L 120.000351 504.001036 L 112.000629 495.999001 L 120.000351 495.999001 " transform="matrix(1.69,0,0,-1.69,-53.742,1406.418)"/>
<path style="fill:none;stroke-width:0.4;stroke-linecap:butt;stroke-linejoin:round;stroke:rgb(0%,0%,0%);stroke-opacity:1;stroke-miterlimit:10;" d="M 87.999149 528.000203 L 95.998872 551.999371 " transform="matrix(1.69,0,0,-1.69,-53.742,1406.418)"/>
<path style="fill:none;stroke-width:0.4;stroke-linecap:butt;stroke-linejoin:round;stroke:rgb(0%,0%,0%);stroke-opacity:1;stroke-miterlimit:10;" d="M 120.000351 528.000203 L 63.999982 520.000481 " transform="matrix(1.69,0,0,-1.69,-53.742,1406.418)"/>
<path style="fill:none;stroke-width:0.4;stroke-linecap:butt;stroke-linejoin:round;stroke:rgb(0%,0%,0%);stroke-opacity:1;stroke-miterlimit:10;" d="M 87.999149 495.999001 L 95.998872 520.000481 " transform="matrix(1.69,0,0,-1.69,-53.742,1406.418)"/>
<path style="fill:none;stroke-width:0.4;stroke-linecap:butt;stroke-linejoin:round;stroke:rgb(0%,0%,0%);stroke-opacity:1;stroke-miterlimit:10;" d="M 128.000074 551.999371 L 135.999797 551.999371 L 128.000074 543.999649 L 135.999797 543.999649 L 143.999519 551.999371 L 151.999242 551.999371 L 143.999519 543.999649 L 151.999242 543.999649 L 128.000074 535.999926 L 135.999797 535.999926 L 128.000074 528.000203 L 135.999797 528.000203 L 143.999519 535.999926 L 151.999242 535.999926 L 143.999519 528.000203 L 151.999242 528.000203 " transform="matrix(1.69,0,0,-1.69,-53.742,1406.418)"/>
<path style="fill:none;stroke-width:0.4;stroke-linecap:butt;stroke-linejoin:round;stroke:rgb(0%,0%,0%);stroke-opacity:1;stroke-miterlimit:10;" d="M 159.998964 551.999371 L 168.000999 551.999371 L 159.998964 543.999649 L 168.000999 543.999649 L 176.000721 551.999371 L 184.000444 551.999371 L 176.000721 543.999649 L 184.000444 543.999649 L 159.998964 535.999926 L 168.000999 535.999926 L 159.998964 528.000203 L 168.000999 528.000203 L 176.000721 535.999926 L 184.000444 535.999926 L 176.000721 528.000203 L 184.000444 528.000203 " transform="matrix(1.69,0,0,-1.69,-53.742,1406.418)"/>
<path style="fill:none;stroke-width:0.4;stroke-linecap:butt;stroke-linejoin:round;stroke:rgb(0%,0%,0%);stroke-opacity:1;stroke-miterlimit:10;" d="M 128.000074 520.000481 L 135.999797 520.000481 L 128.000074 512.000758 L 135.999797 512.000758 L 143.999519 520.000481 L 151.999242 520.000481 L 143.999519 512.000758 L 151.999242 512.000758 L 128.000074 504.001036 L 135.999797 504.001036 L 128.000074 495.999001 L 135.999797 495.999001 L 143.999519 504.001036 L 151.999242 504.001036 L 143.999519 495.999001 L 151.999242 495.999001 " transform="matrix(1.69,0,0,-1.69,-53.742,1406.418)"/>
<path style="fill:none;stroke-width:0.4;stroke-linecap:butt;stroke-linejoin:round;stroke:rgb(0%,0%,0%);stroke-opacity:1;stroke-miterlimit:10;" d="M 159.998964 520.000481 L 168.000999 520.000481 L 159.998964 512.000758 L 168.000999 512.000758 L 176.000721 520.000481 L 184.000444 520.000481 L 176.000721 512.000758 L 184.000444 512.000758 L 159.998964 504.001036 L 168.000999 504.001036 L 159.998964 495.999001 L 168.000999 495.999001 L 176.000721 504.001036 L 184.000444 504.001036 L 176.000721 495.999001 L 184.000444 495.999001 " transform="matrix(1.69,0,0,-1.69,-53.742,1406.418)"/>
<path style="fill:none;stroke-width:0.4;stroke-linecap:butt;stroke-linejoin:round;stroke:rgb(0%,0%,0%);stroke-opacity:1;stroke-miterlimit:10;" d="M 151.999242 528.000203 L 159.998964 551.999371 " transform="matrix(1.69,0,0,-1.69,-53.742,1406.418)"/>
<path style="fill:none;stroke-width:0.4;stroke-linecap:butt;stroke-linejoin:round;stroke:rgb(0%,0%,0%);stroke-opacity:1;stroke-miterlimit:10;" d="M 184.000444 528.000203 L 128.000074 520.000481 " transform="matrix(1.69,0,0,-1.69,-53.742,1406.418)"/>
<path style="fill:none;stroke-width:0.4;stroke-linecap:butt;stroke-linejoin:round;stroke:rgb(0%,0%,0%);stroke-opacity:1;stroke-miterlimit:10;" d="M 151.999242 495.999001 L 159.998964 520.000481 " transform="matrix(1.69,0,0,-1.69,-53.742,1406.418)"/>
<path style="fill:none;stroke-width:0.4;stroke-linecap:butt;stroke-linejoin:round;stroke:rgb(0%,0%,0%);stroke-opacity:1;stroke-miterlimit:10;" d="M 63.999982 487.999279 L 71.999704 487.999279 L 63.999982 479.999556 L 71.999704 479.999556 L 79.999427 487.999279 L 87.999149 487.999279 L 79.999427 479.999556 L 87.999149 479.999556 L 63.999982 471.999834 L 71.999704 471.999834 L 63.999982 464.000111 L 71.999704 464.000111 L 79.999427 471.999834 L 87.999149 471.999834 L 79.999427 464.000111 L 87.999149 464.000111 " transform="matrix(1.69,0,0,-1.69,-53.742,1406.418)"/>
<path style="fill:none;stroke-width:0.4;stroke-linecap:butt;stroke-linejoin:round;stroke:rgb(0%,0%,0%);stroke-opacity:1;stroke-miterlimit:10;" d="M 95.998872 487.999279 L 104.000906 487.999279 L 95.998872 479.999556 L 104.000906 479.999556 L 112.000629 487.999279 L 120.000351 487.999279 L 112.000629 479.999556 L 120.000351 479.999556 L 95.998872 471.999834 L 104.000906 471.999834 L 95.998872 464.000111 L 104.000906 464.000111 L 112.000629 471.999834 L 120.000351 471.999834 L 112.000629 464.000111 L 120.000351 464.000111 " transform="matrix(1.69,0,0,-1.69,-53.742,1406.418)"/>
<path style="fill:none;stroke-width:0.4;stroke-linecap:butt;stroke-linejoin:round;stroke:rgb(0%,0%,0%);stroke-opacity:1;stroke-miterlimit:10;" d="M 63.999982 456.000388 L 71.999704 456.000388 L 63.999982 448.000666 L 71.999704 448.000666 L 79.999427 456.000388 L 87.999149 456.000388 L 79.999427 448.000666 L 87.999149 448.000666 L 63.999982 440.000943 L 71.999704 440.000943 L 63.999982 431.998909 L 71.999704 431.998909 L 79.999427 440.000943 L 87.999149 440.000943 L 79.999427 431.998909 L 87.999149 431.998909 " transform="matrix(1.69,0,0,-1.69,-53.742,1406.418)"/>
<path style="fill:none;stroke-width:0.4;stroke-linecap:butt;stroke-linejoin:round;stroke:rgb(0%,0%,0%);stroke-opacity:1;stroke-miterlimit:10;" d="M 95.998872 456.000388 L 104.000906 456.000388 L 95.998872 448.000666 L 104.000906 448.000666 L 112.000629 456.000388 L 120.000351 456.000388 L 112.000629 448.000666 L 120.000351 448.000666 L 95.998872 440.000943 L 104.000906 440.000943 L 95.998872 431.998909 L 104.000906 431.998909 L 112.000629 440.000943 L 120.000351 440.000943 L 112.000629 431.998909 L 120.000351 431.998909 " transform="matrix(1.69,0,0,-1.69,-53.742,1406.418)"/>
<path style="fill:none;stroke-width:0.4;stroke-linecap:butt;stroke-linejoin:round;stroke:rgb(0%,0%,0%);stroke-opacity:1;stroke-miterlimit:10;" d="M 87.999149 464.000111 L 95.998872 487.999279 " transform="matrix(1.69,0,0,-1.69,-53.742,1406.418)"/>
<path style="fill:none;stroke-width:0.4;stroke-linecap:butt;stroke-linejoin:round;stroke:rgb(0%,0%,0%);stroke-opacity:1;stroke-miterlimit:10;" d="M 120.000351 464.000111 L 63.999982 456.000388 " transform="matrix(1.69,0,0,-1.69,-53.742,1406.418)"/>
<path style="fill:none;stroke-width:0.4;stroke-linecap:butt;stroke-linejoin:round;stroke:rgb(0%,0%,0%);stroke-opacity:1;stroke-miterlimit:10;" d="M 87.999149 431.998909 L 95.998872 456.000388 " transform="matrix(1.69,0,0,-1.69,-53.742,1406.418)"/>
<path style="fill:none;stroke-width:0.4;stroke-linecap:butt;stroke-linejoin:round;stroke:rgb(0%,0%,0%);stroke-opacity:1;stroke-miterlimit:10;" d="M 128.000074 487.999279 L 135.999797 487.999279 L 128.000074 479.999556 L 135.999797 479.999556 L 143.999519 487.999279 L 151.999242 487.999279 L 143.999519 479.999556 L 151.999242 479.999556 L 128.000074 471.999834 L 135.999797 471.999834 L 128.000074 464.000111 L 135.999797 464.000111 L 143.999519 471.999834 L 151.999242 471.999834 L 143.999519 464.000111 L 151.999242 464.000111 " transform="matrix(1.69,0,0,-1.69,-53.742,1406.418)"/>
<path style="fill:none;stroke-width:0.4;stroke-linecap:butt;stroke-linejoin:round;stroke:rgb(0%,0%,0%);stroke-opacity:1;stroke-miterlimit:10;" d="M 159.998964 487.999279 L 168.000999 487.999279 L 159.998964 479.999556 L 168.000999 479.999556 L 176.000721 487.999279 L 184.000444 487.999279 L 176.000721 479.999556 L 184.000444 479.999556 L 159.998964 471.999834 L 168.000999 471.999834 L 159.998964 464.000111 L 168.000999 464.000111 L 176.000721 471.999834 L 184.000444 471.999834 L 176.000721 464.000111 L 184.000444 464.000111 " transform="matrix(1.69,0,0,-1.69,-53.742,1406.418)"/>
<path style="fill:none;stroke-width:0.4;stroke-linecap:butt;stroke-linejoin:round;stroke:rgb(0%,0%,0%);stroke-opacity:1;stroke-miterlimit:10;" d="M 128.000074 456.000388 L 135.999797 456.000388 L 128.000074 448.000666 L 135.999797 448.000666 L 143.999519 456.000388 L 151.999242 456.000388 L 143.999519 448.000666 L 151.999242 448.000666 L 128.000074 440.000943 L 135.999797 440.000943 L 128.000074 431.998909 L 135.999797 431.998909 L 143.999519 440.000943 L 151.999242 440.000943 L 143.999519 431.998909 L 151.999242 431.998909 " transform="matrix(1.69,0,0,-1.69,-53.742,1406.418)"/>
<path style="fill:none;stroke-width:0.4;stroke-linecap:butt;stroke-linejoin:round;stroke:rgb(0%,0%,0%);stroke-opacity:1;stroke-miterlimit:10;" d="M 159.998964 456.000388 L 168.000999 456.000388 L 159.998964 448.000666 L 168.000999 448.000666 L 176.000721 456.000388 L 184.000444 456.000388 L 176.000721 448.000666 L 184.000444 448.000666 L 159.998964 440.000943 L 168.000999 440.000943 L 159.998964 431.998909 L 168.000999 431.998909 L 176.000721 440.000943 L 184.000444 440.000943 L 176.000721 431.998909 L 184.000444 431.998909 " transform="matrix(1.69,0,0,-1.69,-53.742,1406.418)"/>
<path style="fill:none;stroke-width:0.4;stroke-linecap:butt;stroke-linejoin:round;stroke:rgb(0%,0%,0%);stroke-opacity:1;stroke-miterlimit:10;" d="M 151.999242 464.000111 L 159.998964 487.999279 " transform="matrix(1.69,0,0,-1.69,-53.742,1406.418)"/>
<path style="fill:none;stroke-width:0.4;stroke-linecap:butt;stroke-linejoin:round;stroke:rgb(0%,0%,0%);stroke-opacity:1;stroke-miterlimit:10;" d="M 184.000444 464.000111 L 128.000074 456.000388 " transform="matrix(1.69,0,0,-1.69,-53.742,1406.418)"/>
<path style="fill:none;stroke-width:0.4;stroke-linecap:butt;stroke-linejoin:round;stroke:rgb(0%,0%,0%);stroke-opacity:1;stroke-miterlimit:10;" d="M 151.999242 431.998909 L 159.998964 456.000388 " transform="matrix(1.69,0,0,-1.69,-53.742,1406.418)"/>
<path style="fill:none;stroke-width:0.4;stroke-linecap:butt;stroke-linejoin:round;stroke:rgb(0%,0%,0%);stroke-opacity:1;stroke-miterlimit:10;" d="M 120.000351 495.999001 L 128.000074 551.999371 " transform="matrix(1.69,0,0,-1.69,-53.742,1406.418)"/>
<path style="fill:none;stroke-width:0.4;stroke-linecap:round;stroke-linejoin:round;stroke:rgb(0%,0%,0%);stroke-opacity:1;stroke-miterlimit:10;" d="M 184.000444 487.999279 L 184.000444 487.999279 " transform="matrix(1.69,0,0,-1.69,-53.742,1406.418)"/>
<path style="fill:none;stroke-width:0.4;stroke-linecap:butt;stroke-linejoin:round;stroke:rgb(0%,0%,0%);stroke-opacity:1;stroke-miterlimit:10;" d="M 184.000444 495.999001 L 63.999982 487.999279 " transform="matrix(1.69,0,0,-1.69,-53.742,1406.418)"/>
<path style="fill:none;stroke-width:0.4;stroke-linecap:butt;stroke-linejoin:round;stroke:rgb(0%,0%,0%);stroke-opacity:1;stroke-miterlimit:10;" d="M 120.000351 431.998909 L 128.000074 487.999279 " transform="matrix(1.69,0,0,-1.69,-53.742,1406.418)"/>
<path style="fill:none;stroke-width:0.4;stroke-linecap:butt;stroke-linejoin:round;stroke:rgb(0%,0%,0%);stroke-opacity:1;stroke-miterlimit:10;" d="M 199.999889 551.999371 L 223.999057 551.999371 L 199.999889 543.999649 L 223.999057 543.999649 L 199.999889 535.999926 L 223.999057 535.999926 L 199.999889 528.000203 L 223.999057 528.000203 " transform="matrix(1.69,0,0,-1.69,-53.742,1406.418)"/>
<path style="fill:none;stroke-width:0.4;stroke-linecap:butt;stroke-linejoin:round;stroke:rgb(0%,0%,0%);stroke-opacity:1;stroke-miterlimit:10;" d="M 232.001091 551.999371 L 256.000259 551.999371 L 232.001091 543.999649 L 256.000259 543.999649 L 232.001091 535.999926 L 256.000259 535.999926 L 232.001091 528.000203 L 256.000259 528.000203 " transform="matrix(1.69,0,0,-1.69,-53.742,1406.418)"/>
<path style="fill:none;stroke-width:0.4;stroke-linecap:butt;stroke-linejoin:round;stroke:rgb(0%,0%,0%);stroke-opacity:1;stroke-miterlimit:10;" d="M 263.999982 551.999371 L 287.999149 551.999371 L 263.999982 543.999649 L 287.999149 543.999649 L 263.999982 535.999926 L 287.999149 535.999926 L 263.999982 528.000203 L 287.999149 528.000203 " transform="matrix(1.69,0,0,-1.69,-53.742,1406.418)"/>
<path style="fill:none;stroke-width:0.4;stroke-linecap:butt;stroke-linejoin:round;stroke:rgb(0%,0%,0%);stroke-opacity:1;stroke-miterlimit:10;" d="M 295.998872 551.999371 L 320.000351 551.999371 L 295.998872 543.999649 L 320.000351 543.999649 L 295.998872 535.999926 L 320.000351 535.999926 L 295.998872 528.000203 L 320.000351 528.000203 " transform="matrix(1.69,0,0,-1.69,-53.742,1406.418)"/>
<path style="fill:none;stroke-width:0.4;stroke-linecap:butt;stroke-linejoin:round;stroke:rgb(0%,0%,0%);stroke-opacity:1;stroke-miterlimit:10;" d="M 199.999889 520.000481 L 223.999057 520.000481 L 199.999889 512.000758 L 223.999057 512.000758 L 199.999889 504.001036 L 223.999057 504.001036 L 199.999889 495.999001 L 223.999057 495.999001 " transform="matrix(1.69,0,0,-1.69,-53.742,1406.418)"/>
<path style="fill:none;stroke-width:0.4;stroke-linecap:butt;stroke-linejoin:round;stroke:rgb(0%,0%,0%);stroke-opacity:1;stroke-miterlimit:10;" d="M 232.001091 520.000481 L 256.000259 520.000481 L 232.001091 512.000758 L 256.000259 512.000758 L 232.001091 504.001036 L 256.000259 504.001036 L 232.001091 495.999001 L 256.000259 495.999001 " transform="matrix(1.69,0,0,-1.69,-53.742,1406.418)"/>
<path style="fill:none;stroke-width:0.4;stroke-linecap:butt;stroke-linejoin:round;stroke:rgb(0%,0%,0%);stroke-opacity:1;stroke-miterlimit:10;" d="M 263.999982 520.000481 L 287.999149 520.000481 L 263.999982 512.000758 L 287.999149 512.000758 L 263.999982 504.001036 L 287.999149 504.001036 L 263.999982 495.999001 L 287.999149 495.999001 " transform="matrix(1.69,0,0,-1.69,-53.742,1406.418)"/>
<path style="fill:none;stroke-width:0.4;stroke-linecap:butt;stroke-linejoin:round;stroke:rgb(0%,0%,0%);stroke-opacity:1;stroke-miterlimit:10;" d="M 295.998872 520.000481 L 320.000351 520.000481 L 295.998872 512.000758 L 320.000351 512.000758 L 295.998872 504.001036 L 320.000351 504.001036 L 295.998872 495.999001 L 320.000351 495.999001 " transform="matrix(1.69,0,0,-1.69,-53.742,1406.418)"/>
<path style="fill:none;stroke-width:0.4;stroke-linecap:butt;stroke-linejoin:round;stroke:rgb(0%,0%,0%);stroke-opacity:1;stroke-miterlimit:10;" d="M 199.999889 487.999279 L 223.999057 487.999279 L 199.999889 479.999556 L 223.999057 479.999556 L 199.999889 471.999834 L 223.999057 471.999834 L 199.999889 464.000111 L 223.999057 464.000111 " transform="matrix(1.69,0,0,-1.69,-53.742,1406.418)"/>
<path style="fill:none;stroke-width:0.4;stroke-linecap:butt;stroke-linejoin:round;stroke:rgb(0%,0%,0%);stroke-opacity:1;stroke-miterlimit:10;" d="M 232.001091 487.999279 L 256.000259 487.999279 L 232.001091 479.999556 L 256.000259 479.999556 L 232.001091 471.999834 L 256.000259 471.999834 L 232.001091 464.000111 L 256.000259 464.000111 " transform="matrix(1.69,0,0,-1.69,-53.742,1406.418)"/>
<path style="fill:none;stroke-width:0.4;stroke-linecap:butt;stroke-linejoin:round;stroke:rgb(0%,0%,0%);stroke-opacity:1;stroke-miterlimit:10;" d="M 263.999982 487.999279 L 287.999149 487.999279 L 263.999982 479.999556 L 287.999149 479.999556 L 263.999982 471.999834 L 287.999149 471.999834 L 263.999982 464.000111 L 287.999149 464.000111 " transform="matrix(1.69,0,0,-1.69,-53.742,1406.418)"/>
<path style="fill:none;stroke-width:0.4;stroke-linecap:butt;stroke-linejoin:round;stroke:rgb(0%,0%,0%);stroke-opacity:1;stroke-miterlimit:10;" d="M 295.998872 487.999279 L 320.000351 487.999279 L 295.998872 479.999556 L 320.000351 479.999556 L 295.998872 471.999834 L 320.000351 471.999834 L 295.998872 464.000111 L 320.000351 464.000111 " transform="matrix(1.69,0,0,-1.69,-53.742,1406.418)"/>
<path style="fill:none;stroke-width:0.4;stroke-linecap:butt;stroke-linejoin:round;stroke:rgb(0%,0%,0%);stroke-opacity:1;stroke-miterlimit:10;" d="M 199.999889 456.000388 L 223.999057 456.000388 L 199.999889 448.000666 L 223.999057 448.000666 L 199.999889 440.000943 L 223.999057 440.000943 L 199.999889 431.998909 L 223.999057 431.998909 " transform="matrix(1.69,0,0,-1.69,-53.742,1406.418)"/>
<path style="fill:none;stroke-width:0.4;stroke-linecap:butt;stroke-linejoin:round;stroke:rgb(0%,0%,0%);stroke-opacity:1;stroke-miterlimit:10;" d="M 232.001091 456.000388 L 256.000259 456.000388 L 232.001091 448.000666 L 256.000259 448.000666 L 232.001091 440.000943 L 256.000259 440.000943 L 232.001091 431.998909 L 256.000259 431.998909 " transform="matrix(1.69,0,0,-1.69,-53.742,1406.418)"/>
<path style="fill:none;stroke-width:0.4;stroke-linecap:butt;stroke-linejoin:round;stroke:rgb(0%,0%,0%);stroke-opacity:1;stroke-miterlimit:10;" d="M 263.999982 456.000388 L 287.999149 456.000388 L 263.999982 448.000666 L 287.999149 448.000666 L 263.999982 440.000943 L 287.999149 440.000943 L 263.999982 431.998909 L 287.999149 431.998909 " transform="matrix(1.69,0,0,-1.69,-53.742,1406.418)"/>
<path style="fill:none;stroke-width:0.4;stroke-linecap:butt;stroke-linejoin:round;stroke:rgb(0%,0%,0%);stroke-opacity:1;stroke-miterlimit:10;" d="M 295.998872 456.000388 L 320.000351 456.000388 L 295.998872 448.000666 L 320.000351 448.000666 L 295.998872 440.000943 L 320.000351 440.000943 L 295.998872 431.998909 L 320.000351 431.998909 " transform="matrix(1.69,0,0,-1.69,-53.742,1406.418)"/>
<path style="fill:none;stroke-width:0.4;stroke-linecap:butt;stroke-linejoin:round;stroke:rgb(0%,0%,0%);stroke-opacity:1;stroke-miterlimit:10;" d="M 223.999057 528.000203 L 232.001091 551.999371 " transform="matrix(1.69,0,0,-1.69,-53.742,1406.418)"/>
<path style="fill:none;stroke-width:0.4;stroke-linecap:butt;stroke-linejoin:round;stroke:rgb(0%,0%,0%);stroke-opacity:1;stroke-miterlimit:10;" d="M 223.999057 495.999001 L 232.001091 520.000481 " transform="matrix(1.69,0,0,-1.69,-53.742,1406.418)"/>
<path style="fill:none;stroke-width:0.4;stroke-linecap:butt;stroke-linejoin:round;stroke:rgb(0%,0%,0%);stroke-opacity:1;stroke-miterlimit:10;" d="M 223.999057 464.000111 L 232.001091 487.999279 " transform="matrix(1.69,0,0,-1.69,-53.742,1406.418)"/>
<path style="fill:none;stroke-width:0.4;stroke-linecap:butt;stroke-linejoin:round;stroke:rgb(0%,0%,0%);stroke-opacity:1;stroke-miterlimit:10;" d="M 223.999057 431.998909 L 232.001091 456.000388 " transform="matrix(1.69,0,0,-1.69,-53.742,1406.418)"/>
<path style="fill:none;stroke-width:0.4;stroke-linecap:butt;stroke-linejoin:round;stroke:rgb(0%,0%,0%);stroke-opacity:1;stroke-miterlimit:10;" d="M 256.000259 495.999001 L 263.999982 551.999371 " transform="matrix(1.69,0,0,-1.69,-53.742,1406.418)"/>
<path style="fill:none;stroke-width:0.4;stroke-linecap:butt;stroke-linejoin:round;stroke:rgb(0%,0%,0%);stroke-opacity:1;stroke-miterlimit:10;" d="M 256.000259 431.998909 L 263.999982 487.999279 " transform="matrix(1.69,0,0,-1.69,-53.742,1406.418)"/>
<path style="fill:none;stroke-width:0.4;stroke-linecap:butt;stroke-linejoin:round;stroke:rgb(0%,0%,0%);stroke-opacity:1;stroke-miterlimit:10;" d="M 287.999149 528.000203 L 295.998872 551.999371 " transform="matrix(1.69,0,0,-1.69,-53.742,1406.418)"/>
<path style="fill:none;stroke-width:0.4;stroke-linecap:butt;stroke-linejoin:round;stroke:rgb(0%,0%,0%);stroke-opacity:1;stroke-miterlimit:10;" d="M 287.999149 495.999001 L 295.998872 520.000481 " transform="matrix(1.69,0,0,-1.69,-53.742,1406.418)"/>
<path style="fill:none;stroke-width:0.4;stroke-linecap:butt;stroke-linejoin:round;stroke:rgb(0%,0%,0%);stroke-opacity:1;stroke-miterlimit:10;" d="M 287.999149 464.000111 L 295.998872 487.999279 " transform="matrix(1.69,0,0,-1.69,-53.742,1406.418)"/>
<path style="fill:none;stroke-width:0.4;stroke-linecap:butt;stroke-linejoin:round;stroke:rgb(0%,0%,0%);stroke-opacity:1;stroke-miterlimit:10;" d="M 287.999149 431.998909 L 295.998872 456.000388 " transform="matrix(1.69,0,0,-1.69,-53.742,1406.418)"/>
<path style="fill:none;stroke-width:0.4;stroke-linecap:butt;stroke-linejoin:round;stroke:rgb(0%,0%,0%);stroke-opacity:1;stroke-miterlimit:10;" d="M 199.999889 520.000481 L 256.000259 528.000203 " transform="matrix(1.69,0,0,-1.69,-53.742,1406.418)"/>
<path style="fill:none;stroke-width:0.4;stroke-linecap:butt;stroke-linejoin:round;stroke:rgb(0%,0%,0%);stroke-opacity:1;stroke-miterlimit:10;" d="M 263.999982 520.000481 L 320.000351 528.000203 " transform="matrix(1.69,0,0,-1.69,-53.742,1406.418)"/>
<path style="fill:none;stroke-width:0.4;stroke-linecap:butt;stroke-linejoin:round;stroke:rgb(0%,0%,0%);stroke-opacity:1;stroke-miterlimit:10;" d="M 199.999889 487.999279 L 320.000351 495.999001 " transform="matrix(1.69,0,0,-1.69,-53.742,1406.418)"/>
<path style="fill:none;stroke-width:0.4;stroke-linecap:butt;stroke-linejoin:round;stroke:rgb(0%,0%,0%);stroke-opacity:1;stroke-miterlimit:10;" d="M 199.999889 456.000388 L 256.000259 464.000111 " transform="matrix(1.69,0,0,-1.69,-53.742,1406.418)"/>
<path style="fill:none;stroke-width:0.4;stroke-linecap:butt;stroke-linejoin:round;stroke:rgb(0%,0%,0%);stroke-opacity:1;stroke-miterlimit:10;" d="M 263.999982 456.000388 L 320.000351 464.000111 " transform="matrix(1.69,0,0,-1.69,-53.742,1406.418)"/>
<path style="fill:none;stroke-width:0.4;stroke-linecap:butt;stroke-linejoin:round;stroke:rgb(0%,0%,0%);stroke-opacity:1;stroke-miterlimit:10;" d="M 192.000166 815.999464 L 223.999057 815.999464 L 192.000166 784.000573 L 223.999057 784.000573 L 256.000259 815.999464 L 287.999149 815.999464 L 256.000259 784.000573 L 287.999149 784.000573 L 192.000166 751.999371 L 223.999057 751.999371 L 192.000166 720.000481 L 223.999057 720.000481 L 256.000259 751.999371 L 287.999149 751.999371 L 256.000259 720.000481 L 287.999149 720.000481 " transform="matrix(1.69,0,0,-1.69,-53.742,1406.418)"/>
<path style="fill:none;stroke-width:0.4;stroke-linecap:butt;stroke-linejoin:round;stroke:rgb(0%,0%,0%);stroke-opacity:1;stroke-miterlimit:10;" d="M 63.999982 800.000018 L 128.000074 800.000018 L 63.999982 735.999926 L 128.000074 735.999926 " transform="matrix(1.69,0,0,-1.69,-53.742,1406.418)"/>
<path style="fill:none;stroke-width:0.4;stroke-linecap:butt;stroke-linejoin:round;stroke:rgb(0%,0%,0%);stroke-opacity:1;stroke-miterlimit:10;" d="M 328.000074 823.999186 L 343.999519 823.999186 L 328.000074 807.999741 L 343.999519 807.999741 L 359.998964 823.999186 L 376.000721 823.999186 L 359.998964 807.999741 L 376.000721 807.999741 L 328.000074 792.000296 L 343.999519 792.000296 L 328.000074 776.000851 L 343.999519 776.000851 L 359.998964 792.000296 L 376.000721 792.000296 L 359.998964 776.000851 L 376.000721 776.000851 " transform="matrix(1.69,0,0,-1.69,-53.742,1406.418)"/>
<path style="fill:none;stroke-width:0.4;stroke-linecap:butt;stroke-linejoin:round;stroke:rgb(0%,0%,0%);stroke-opacity:1;stroke-miterlimit:10;" d="M 328.000074 759.999094 L 343.999519 759.999094 L 328.000074 743.999649 L 343.999519 743.999649 L 359.998964 759.999094 L 376.000721 759.999094 L 359.998964 743.999649 L 376.000721 743.999649 L 328.000074 728.000203 L 343.999519 728.000203 L 328.000074 712.000758 L 343.999519 712.000758 L 359.998964 728.000203 L 376.000721 728.000203 L 359.998964 712.000758 L 376.000721 712.000758 " transform="matrix(1.69,0,0,-1.69,-53.742,1406.418)"/>
<path style="fill:none;stroke-width:0.4;stroke-linecap:butt;stroke-linejoin:round;stroke:rgb(0%,0%,0%);stroke-opacity:1;stroke-miterlimit:10;" d="M 392.000166 823.999186 L 407.999612 823.999186 L 392.000166 807.999741 L 407.999612 807.999741 L 423.999057 823.999186 L 440.000814 823.999186 L 423.999057 807.999741 L 440.000814 807.999741 L 392.000166 792.000296 L 407.999612 792.000296 L 392.000166 776.000851 L 407.999612 776.000851 L 423.999057 792.000296 L 440.000814 792.000296 L 423.999057 776.000851 L 440.000814 776.000851 " transform="matrix(1.69,0,0,-1.69,-53.742,1406.418)"/>
<path style="fill:none;stroke-width:0.4;stroke-linecap:butt;stroke-linejoin:round;stroke:rgb(0%,0%,0%);stroke-opacity:1;stroke-miterlimit:10;" d="M 392.000166 759.999094 L 407.999612 759.999094 L 392.000166 743.999649 L 407.999612 743.999649 L 423.999057 759.999094 L 440.000814 759.999094 L 423.999057 743.999649 L 440.000814 743.999649 L 392.000166 728.000203 L 407.999612 728.000203 L 392.000166 712.000758 L 407.999612 712.000758 L 423.999057 728.000203 L 440.000814 728.000203 L 423.999057 712.000758 L 440.000814 712.000758 " transform="matrix(1.69,0,0,-1.69,-53.742,1406.418)"/>
<path style="fill:none;stroke-width:0.4;stroke-linecap:butt;stroke-linejoin:round;stroke:rgb(0%,0%,0%);stroke-opacity:1;stroke-miterlimit:10;" d="M 392.000166 823.999186 L 376.000721 776.000851 " transform="matrix(1.69,0,0,-1.69,-53.742,1406.418)"/>
<path style="fill:none;stroke-width:0.4;stroke-linecap:butt;stroke-linejoin:round;stroke:rgb(0%,0%,0%);stroke-opacity:1;stroke-miterlimit:10;" d="M 392.000166 759.999094 L 376.000721 712.000758 " transform="matrix(1.69,0,0,-1.69,-53.742,1406.418)"/>
<path style="fill:none;stroke-width:0.4;stroke-linecap:butt;stroke-linejoin:round;stroke:rgb(0%,0%,0%);stroke-opacity:1;stroke-miterlimit:10;" d="M 328.000074 759.999094 L 440.000814 776.000851 " transform="matrix(1.69,0,0,-1.69,-53.742,1406.418)"/>
<path style="fill:none;stroke-width:0.4;stroke-linecap:butt;stroke-linejoin:round;stroke:rgb(0%,0%,0%);stroke-opacity:1;stroke-miterlimit:10;" d="M 32.001091 831.998909 L 32.001091 704.001036 L 159.998964 704.001036 L 159.998964 831.998909 Z M 32.001091 831.998909 " transform="matrix(1.69,0,0,-1.69,-53.742,1406.418)"/>
<path style="fill:none;stroke-width:0.4;stroke-linecap:butt;stroke-linejoin:round;stroke:rgb(0%,0%,0%);stroke-opacity:1;stroke-miterlimit:10;" d="M 176.000721 831.998909 L 176.000721 704.001036 L 304.000906 704.001036 L 304.000906 831.998909 Z M 176.000721 831.998909 " transform="matrix(1.69,0,0,-1.69,-53.742,1406.418)"/>
<path style="fill:none;stroke-width:0.4;stroke-linecap:butt;stroke-linejoin:round;stroke:rgb(0%,0%,0%);stroke-opacity:1;stroke-miterlimit:10;" d="M 320.000351 704.001036 L 320.000351 831.998909 L 448.000536 831.998909 L 448.000536 704.001036 Z M 320.000351 704.001036 " transform="matrix(1.69,0,0,-1.69,-53.742,1406.418)"/>
<path style="fill:none;stroke-width:0.4;stroke-linecap:butt;stroke-linejoin:round;stroke:rgb(74.5%,74.5%,74.5%);stroke-opacity:1;stroke-miterlimit:10;" d="M 48.000536 679.999556 L 95.998872 679.999556 L 48.000536 668.001128 L 95.998872 668.001128 L 48.000536 656.000388 L 95.998872 656.000388 L 48.000536 643.999649 L 95.998872 643.999649 " transform="matrix(1.69,0,0,-1.69,-53.742,1406.418)"/>
<g style="fill:rgb(0%,0%,0%);fill-opacity:1;">
  <use xlink:href="#glyph0-1" x="13.858" y="257.21124"/>
</g>
<g style="fill:rgb(0%,0%,0%);fill-opacity:1;">
  <use xlink:href="#glyph1-1" x="22.75754" y="259.7361"/>
  <use xlink:href="#glyph1-1" x="29.463616" y="259.7361"/>
</g>
<g style="fill:rgb(0%,0%,0%);fill-opacity:1;">
  <use xlink:href="#glyph2-1" x="42.63532" y="257.21124"/>
</g>
<g style="fill:rgb(0%,0%,0%);fill-opacity:1;">
  <use xlink:href="#glyph3-1" x="51.53486" y="259.7361"/>
  <use xlink:href="#glyph3-2" x="58.240936" y="259.7361"/>
</g>
<g style="fill:rgb(0%,0%,0%);fill-opacity:1;">
  <use xlink:href="#glyph4-1" x="71.41095" y="257.21124"/>
</g>
<g style="fill:rgb(0%,0%,0%);fill-opacity:1;">
  <use xlink:href="#glyph5-1" x="80.31049" y="259.7361"/>
  <use xlink:href="#glyph5-2" x="87.016566" y="259.7361"/>
</g>
<g style="fill:rgb(0%,0%,0%);fill-opacity:1;">
  <use xlink:href="#glyph6-1" x="100.18827" y="257.21124"/>
</g>
<g style="fill:rgb(0%,0%,0%);fill-opacity:1;">
  <use xlink:href="#glyph7-1" x="109.08781" y="259.7361"/>
  <use xlink:href="#glyph7-2" x="115.793886" y="259.7361"/>
</g>
<g style="fill:rgb(0%,0%,0%);fill-opacity:1;">
  <use xlink:href="#glyph0-1" x="13.858" y="277.49124"/>
</g>
<g style="fill:rgb(0%,0%,0%);fill-opacity:1;">
  <use xlink:href="#glyph1-2" x="22.75754" y="280.0161"/>
  <use xlink:href="#glyph1-1" x="29.463616" y="280.0161"/>
</g>
<g style="fill:rgb(0%,0%,0%);fill-opacity:1;">
  <use xlink:href="#glyph2-1" x="42.63532" y="277.49124"/>
</g>
<g style="fill:rgb(0%,0%,0%);fill-opacity:1;">
  <use xlink:href="#glyph3-2" x="51.53486" y="280.0161"/>
  <use xlink:href="#glyph3-2" x="58.240936" y="280.0161"/>
</g>
<g style="fill:rgb(0%,0%,0%);fill-opacity:1;">
  <use xlink:href="#glyph4-1" x="71.41095" y="277.49124"/>
</g>
<g style="fill:rgb(0%,0%,0%);fill-opacity:1;">
  <use xlink:href="#glyph5-3" x="80.31049" y="280.0161"/>
  <use xlink:href="#glyph5-2" x="87.016566" y="280.0161"/>
</g>
<g style="fill:rgb(0%,0%,0%);fill-opacity:1;">
  <use xlink:href="#glyph6-1" x="100.18827" y="277.49124"/>
</g>
<g style="fill:rgb(0%,0%,0%);fill-opacity:1;">
  <use xlink:href="#glyph7-3" x="109.08781" y="280.0161"/>
  <use xlink:href="#glyph7-2" x="115.793886" y="280.0161"/>
</g>
<g style="fill:rgb(0%,0%,0%);fill-opacity:1;">
  <use xlink:href="#glyph0-1" x="13.858" y="297.77124"/>
</g>
<g style="fill:rgb(0%,0%,0%);fill-opacity:1;">
  <use xlink:href="#glyph1-3" x="22.75754" y="300.2961"/>
  <use xlink:href="#glyph1-1" x="29.463616" y="300.2961"/>
</g>
<g style="fill:rgb(0%,0%,0%);fill-opacity:1;">
  <use xlink:href="#glyph2-1" x="42.63532" y="297.77124"/>
</g>
<g style="fill:rgb(0%,0%,0%);fill-opacity:1;">
  <use xlink:href="#glyph3-3" x="51.53486" y="300.2961"/>
  <use xlink:href="#glyph3-2" x="58.240936" y="300.2961"/>
</g>
<g style="fill:rgb(0%,0%,0%);fill-opacity:1;">
  <use xlink:href="#glyph4-1" x="71.41095" y="297.77124"/>
</g>
<g style="fill:rgb(0%,0%,0%);fill-opacity:1;">
  <use xlink:href="#glyph5-2" x="80.31049" y="300.2961"/>
  <use xlink:href="#glyph5-2" x="87.016566" y="300.2961"/>
</g>
<g style="fill:rgb(0%,0%,0%);fill-opacity:1;">
  <use xlink:href="#glyph6-1" x="100.18827" y="297.77124"/>
</g>
<g style="fill:rgb(0%,0%,0%);fill-opacity:1;">
  <use xlink:href="#glyph7-4" x="109.08781" y="300.2961"/>
  <use xlink:href="#glyph7-2" x="115.793886" y="300.2961"/>
</g>
<g style="fill:rgb(0%,0%,0%);fill-opacity:1;">
  <use xlink:href="#glyph0-1" x="13.858" y="318.05124"/>
</g>
<g style="fill:rgb(0%,0%,0%);fill-opacity:1;">
  <use xlink:href="#glyph1-4" x="22.75754" y="320.5761"/>
  <use xlink:href="#glyph1-1" x="29.463616" y="320.5761"/>
</g>
<g style="fill:rgb(0%,0%,0%);fill-opacity:1;">
  <use xlink:href="#glyph2-1" x="42.63532" y="318.05124"/>
</g>
<g style="fill:rgb(0%,0%,0%);fill-opacity:1;">
  <use xlink:href="#glyph3-4" x="51.53486" y="320.5761"/>
  <use xlink:href="#glyph3-2" x="58.240936" y="320.5761"/>
</g>
<g style="fill:rgb(0%,0%,0%);fill-opacity:1;">
  <use xlink:href="#glyph4-1" x="71.41095" y="318.05124"/>
</g>
<g style="fill:rgb(0%,0%,0%);fill-opacity:1;">
  <use xlink:href="#glyph5-4" x="80.31049" y="320.5761"/>
  <use xlink:href="#glyph5-2" x="87.016566" y="320.5761"/>
</g>
<g style="fill:rgb(0%,0%,0%);fill-opacity:1;">
  <use xlink:href="#glyph6-1" x="100.18827" y="318.05124"/>
</g>
<g style="fill:rgb(0%,0%,0%);fill-opacity:1;">
  <use xlink:href="#glyph7-2" x="109.08781" y="320.5761"/>
  <use xlink:href="#glyph7-2" x="115.793886" y="320.5761"/>
</g>
<path style="fill:none;stroke-width:0.4;stroke-linecap:butt;stroke-linejoin:round;stroke:rgb(74.5%,74.5%,74.5%);stroke-opacity:1;stroke-miterlimit:10;" d="M 46.186095 620.989756 L 62.18554 620.989756 L 46.186095 608.989016 L 62.18554 608.989016 L 82.186002 620.989756 L 98.185447 620.989756 L 82.186002 608.989016 L 98.185447 608.989016 L 46.186095 596.988277 L 62.18554 596.988277 L 46.186095 584.989848 L 62.18554 584.989848 L 82.186002 596.988277 L 98.185447 596.988277 L 82.186002 584.989848 L 98.185447 584.989848 " transform="matrix(1.69,0,0,-1.69,-53.742,1406.418)"/>
<g style="fill:rgb(0%,0%,0%);fill-opacity:1;">
  <use xlink:href="#glyph0-1" x="14.26191" y="358.674953"/>
</g>
<g style="fill:rgb(0%,0%,0%);fill-opacity:1;">
  <use xlink:href="#glyph1-1" x="23.16145" y="361.199813"/>
  <use xlink:href="#glyph1-1" x="29.867526" y="361.199813"/>
</g>
<g style="fill:rgb(0%,0%,0%);fill-opacity:1;">
  <use xlink:href="#glyph2-1" x="43.03923" y="358.674953"/>
</g>
<g style="fill:rgb(0%,0%,0%);fill-opacity:1;">
  <use xlink:href="#glyph3-1" x="51.93877" y="361.199813"/>
  <use xlink:href="#glyph3-2" x="58.644846" y="361.199813"/>
</g>
<g style="fill:rgb(0%,0%,0%);fill-opacity:1;">
  <use xlink:href="#glyph4-1" x="71.81486" y="358.674953"/>
</g>
<g style="fill:rgb(0%,0%,0%);fill-opacity:1;">
  <use xlink:href="#glyph5-1" x="80.7144" y="361.199813"/>
  <use xlink:href="#glyph5-2" x="87.420476" y="361.199813"/>
</g>
<g style="fill:rgb(0%,0%,0%);fill-opacity:1;">
  <use xlink:href="#glyph6-1" x="100.59218" y="358.674953"/>
</g>
<g style="fill:rgb(0%,0%,0%);fill-opacity:1;">
  <use xlink:href="#glyph7-1" x="109.49172" y="361.199813"/>
  <use xlink:href="#glyph7-2" x="116.197796" y="361.199813"/>
</g>
<g style="fill:rgb(0%,0%,0%);fill-opacity:1;">
  <use xlink:href="#glyph0-1" x="14.26191" y="378.954953"/>
</g>
<g style="fill:rgb(0%,0%,0%);fill-opacity:1;">
  <use xlink:href="#glyph1-2" x="23.16145" y="381.479813"/>
  <use xlink:href="#glyph1-1" x="29.867526" y="381.479813"/>
</g>
<g style="fill:rgb(0%,0%,0%);fill-opacity:1;">
  <use xlink:href="#glyph2-1" x="43.03923" y="378.954953"/>
</g>
<g style="fill:rgb(0%,0%,0%);fill-opacity:1;">
  <use xlink:href="#glyph3-2" x="51.93877" y="381.479813"/>
  <use xlink:href="#glyph3-2" x="58.644846" y="381.479813"/>
</g>
<g style="fill:rgb(0%,0%,0%);fill-opacity:1;">
  <use xlink:href="#glyph4-1" x="71.81486" y="378.954953"/>
</g>
<g style="fill:rgb(0%,0%,0%);fill-opacity:1;">
  <use xlink:href="#glyph5-3" x="80.7144" y="381.479813"/>
  <use xlink:href="#glyph5-2" x="87.420476" y="381.479813"/>
</g>
<g style="fill:rgb(0%,0%,0%);fill-opacity:1;">
  <use xlink:href="#glyph6-1" x="100.59218" y="378.954953"/>
</g>
<g style="fill:rgb(0%,0%,0%);fill-opacity:1;">
  <use xlink:href="#glyph7-3" x="109.49172" y="381.479813"/>
  <use xlink:href="#glyph7-2" x="116.197796" y="381.479813"/>
</g>
<g style="fill:rgb(0%,0%,0%);fill-opacity:1;">
  <use xlink:href="#glyph0-1" x="14.26191" y="399.234953"/>
</g>
<g style="fill:rgb(0%,0%,0%);fill-opacity:1;">
  <use xlink:href="#glyph1-3" x="23.16145" y="401.759813"/>
  <use xlink:href="#glyph1-1" x="29.867526" y="401.759813"/>
</g>
<g style="fill:rgb(0%,0%,0%);fill-opacity:1;">
  <use xlink:href="#glyph2-1" x="43.03923" y="399.234953"/>
</g>
<g style="fill:rgb(0%,0%,0%);fill-opacity:1;">
  <use xlink:href="#glyph3-3" x="51.93877" y="401.759813"/>
  <use xlink:href="#glyph3-2" x="58.644846" y="401.759813"/>
</g>
<g style="fill:rgb(0%,0%,0%);fill-opacity:1;">
  <use xlink:href="#glyph4-1" x="71.81486" y="399.234953"/>
</g>
<g style="fill:rgb(0%,0%,0%);fill-opacity:1;">
  <use xlink:href="#glyph5-2" x="80.7144" y="401.759813"/>
  <use xlink:href="#glyph5-2" x="87.420476" y="401.759813"/>
</g>
<g style="fill:rgb(0%,0%,0%);fill-opacity:1;">
  <use xlink:href="#glyph6-1" x="100.59218" y="399.234953"/>
</g>
<g style="fill:rgb(0%,0%,0%);fill-opacity:1;">
  <use xlink:href="#glyph7-4" x="109.49172" y="401.759813"/>
  <use xlink:href="#glyph7-2" x="116.197796" y="401.759813"/>
</g>
<g style="fill:rgb(0%,0%,0%);fill-opacity:1;">
  <use xlink:href="#glyph0-1" x="14.26191" y="419.514953"/>
</g>
<g style="fill:rgb(0%,0%,0%);fill-opacity:1;">
  <use xlink:href="#glyph1-4" x="23.16145" y="422.039813"/>
  <use xlink:href="#glyph1-1" x="29.867526" y="422.039813"/>
</g>
<g style="fill:rgb(0%,0%,0%);fill-opacity:1;">
  <use xlink:href="#glyph2-1" x="43.03923" y="419.514953"/>
</g>
<g style="fill:rgb(0%,0%,0%);fill-opacity:1;">
  <use xlink:href="#glyph3-4" x="51.93877" y="422.039813"/>
  <use xlink:href="#glyph3-2" x="58.644846" y="422.039813"/>
</g>
<g style="fill:rgb(0%,0%,0%);fill-opacity:1;">
  <use xlink:href="#glyph4-1" x="71.81486" y="419.514953"/>
</g>
<g style="fill:rgb(0%,0%,0%);fill-opacity:1;">
  <use xlink:href="#glyph5-4" x="80.7144" y="422.039813"/>
  <use xlink:href="#glyph5-2" x="87.420476" y="422.039813"/>
</g>
<g style="fill:rgb(0%,0%,0%);fill-opacity:1;">
  <use xlink:href="#glyph6-1" x="100.59218" y="419.514953"/>
</g>
<g style="fill:rgb(0%,0%,0%);fill-opacity:1;">
  <use xlink:href="#glyph7-2" x="109.49172" y="422.039813"/>
  <use xlink:href="#glyph7-2" x="116.197796" y="422.039813"/>
</g>
<g style="fill:rgb(0%,0%,0%);fill-opacity:1;">
  <use xlink:href="#glyph0-1" x="155.818" y="297.77124"/>
</g>
<g style="fill:rgb(0%,0%,0%);fill-opacity:1;">
  <use xlink:href="#glyph1-1" x="164.71754" y="300.2961"/>
  <use xlink:href="#glyph1-1" x="171.423616" y="300.2961"/>
</g>
<g style="fill:rgb(0%,0%,0%);fill-opacity:1;">
  <use xlink:href="#glyph2-1" x="184.59532" y="297.77124"/>
</g>
<g style="fill:rgb(0%,0%,0%);fill-opacity:1;">
  <use xlink:href="#glyph3-1" x="193.49486" y="300.2961"/>
  <use xlink:href="#glyph3-2" x="200.200936" y="300.2961"/>
</g>
<g style="fill:rgb(0%,0%,0%);fill-opacity:1;">
  <use xlink:href="#glyph4-1" x="213.37095" y="297.77124"/>
</g>
<g style="fill:rgb(0%,0%,0%);fill-opacity:1;">
  <use xlink:href="#glyph5-1" x="222.27049" y="300.2961"/>
  <use xlink:href="#glyph5-2" x="228.976566" y="300.2961"/>
</g>
<g style="fill:rgb(0%,0%,0%);fill-opacity:1;">
  <use xlink:href="#glyph6-1" x="242.14827" y="297.77124"/>
</g>
<g style="fill:rgb(0%,0%,0%);fill-opacity:1;">
  <use xlink:href="#glyph7-1" x="251.04781" y="300.2961"/>
  <use xlink:href="#glyph7-2" x="257.753886" y="300.2961"/>
</g>
<g style="fill:rgb(0%,0%,0%);fill-opacity:1;">
  <use xlink:href="#glyph8-1" x="270.9239" y="297.77124"/>
</g>
<g style="fill:rgb(0%,0%,0%);fill-opacity:1;">
  <use xlink:href="#glyph9-1" x="279.82513" y="300.2961"/>
  <use xlink:href="#glyph9-2" x="286.531206" y="300.2961"/>
</g>
<g style="fill:rgb(0%,0%,0%);fill-opacity:1;">
  <use xlink:href="#glyph10-1" x="299.70122" y="297.77124"/>
</g>
<g style="fill:rgb(0%,0%,0%);fill-opacity:1;">
  <use xlink:href="#glyph11-1" x="308.60076" y="300.2961"/>
  <use xlink:href="#glyph11-1" x="315.306836" y="300.2961"/>
</g>
<g style="fill:rgb(0%,0%,0%);fill-opacity:1;">
  <use xlink:href="#glyph12-1" x="328.47854" y="297.77124"/>
</g>
<g style="fill:rgb(0%,0%,0%);fill-opacity:1;">
  <use xlink:href="#glyph13-1" x="337.37808" y="300.2961"/>
  <use xlink:href="#glyph13-2" x="344.084156" y="300.2961"/>
</g>
<g style="fill:rgb(0%,0%,0%);fill-opacity:1;">
  <use xlink:href="#glyph14-1" x="357.25417" y="297.77124"/>
  <use xlink:href="#glyph14-1" x="364.729707" y="297.77124"/>
  <use xlink:href="#glyph14-1" x="372.188406" y="297.77124"/>
</g>
<g style="fill:rgb(0%,0%,0%);fill-opacity:1;">
  <use xlink:href="#glyph0-1" x="155.818" y="399.17124"/>
</g>
<g style="fill:rgb(0%,0%,0%);fill-opacity:1;">
  <use xlink:href="#glyph1-1" x="164.71754" y="401.6961"/>
  <use xlink:href="#glyph1-1" x="171.423616" y="401.6961"/>
</g>
<g style="fill:rgb(0%,0%,0%);fill-opacity:1;">
  <use xlink:href="#glyph2-1" x="184.59532" y="399.17124"/>
</g>
<g style="fill:rgb(0%,0%,0%);fill-opacity:1;">
  <use xlink:href="#glyph3-1" x="193.49486" y="401.6961"/>
  <use xlink:href="#glyph3-2" x="200.200936" y="401.6961"/>
</g>
<g style="fill:rgb(0%,0%,0%);fill-opacity:1;">
  <use xlink:href="#glyph4-1" x="213.37095" y="399.17124"/>
</g>
<g style="fill:rgb(0%,0%,0%);fill-opacity:1;">
  <use xlink:href="#glyph5-3" x="222.27049" y="401.6961"/>
  <use xlink:href="#glyph5-1" x="228.976566" y="401.6961"/>
</g>
<g style="fill:rgb(0%,0%,0%);fill-opacity:1;">
  <use xlink:href="#glyph6-1" x="242.14827" y="399.17124"/>
</g>
<g style="fill:rgb(0%,0%,0%);fill-opacity:1;">
  <use xlink:href="#glyph7-3" x="251.04781" y="401.6961"/>
  <use xlink:href="#glyph7-3" x="257.753886" y="401.6961"/>
</g>
<g style="fill:rgb(0%,0%,0%);fill-opacity:1;">
  <use xlink:href="#glyph8-1" x="270.9239" y="399.17124"/>
</g>
<g style="fill:rgb(0%,0%,0%);fill-opacity:1;">
  <use xlink:href="#glyph9-2" x="279.82513" y="401.6961"/>
  <use xlink:href="#glyph9-3" x="286.531206" y="401.6961"/>
</g>
<g style="fill:rgb(0%,0%,0%);fill-opacity:1;">
  <use xlink:href="#glyph10-1" x="299.70122" y="399.17124"/>
</g>
<g style="fill:rgb(0%,0%,0%);fill-opacity:1;">
  <use xlink:href="#glyph11-2" x="308.60076" y="401.6961"/>
  <use xlink:href="#glyph11-3" x="315.306836" y="401.6961"/>
</g>
<g style="fill:rgb(0%,0%,0%);fill-opacity:1;">
  <use xlink:href="#glyph12-1" x="328.47854" y="399.17124"/>
</g>
<g style="fill:rgb(0%,0%,0%);fill-opacity:1;">
  <use xlink:href="#glyph13-1" x="337.37808" y="401.6961"/>
  <use xlink:href="#glyph13-2" x="344.084156" y="401.6961"/>
</g>
<g style="fill:rgb(0%,0%,0%);fill-opacity:1;">
  <use xlink:href="#glyph14-1" x="357.25417" y="399.17124"/>
  <use xlink:href="#glyph14-1" x="364.729707" y="399.17124"/>
  <use xlink:href="#glyph14-1" x="372.188406" y="399.17124"/>
</g>
<g style="fill:rgb(0%,0%,0%);fill-opacity:1;">
  <use xlink:href="#glyph15-1" x="149.058" y="277.49293"/>
  <use xlink:href="#glyph15-2" x="156.8316" y="277.49293"/>
  <use xlink:href="#glyph15-3" x="173.924427" y="277.49293"/>
  <use xlink:href="#glyph15-4" x="181.698027" y="277.49293"/>
  <use xlink:href="#glyph15-4" x="187.78962" y="277.49293"/>
  <use xlink:href="#glyph15-3" x="193.881213" y="277.49293"/>
  <use xlink:href="#glyph15-5" x="201.215369" y="277.49293"/>
  <use xlink:href="#glyph15-6" x="214.625966" y="277.49293"/>
  <use xlink:href="#glyph15-7" x="218.944632" y="277.49293"/>
  <use xlink:href="#glyph15-8" x="232.779518" y="277.49293"/>
  <use xlink:href="#glyph15-9" x="245.750671" y="277.49293"/>
  <use xlink:href="#glyph15-8" x="252.675691" y="277.49293"/>
  <use xlink:href="#glyph15-10" x="265.646844" y="277.49293"/>
  <use xlink:href="#glyph15-4" x="273.420444" y="277.49293"/>
  <use xlink:href="#glyph15-5" x="279.512037" y="277.49293"/>
  <use xlink:href="#glyph15-11" x="287.72508" y="277.49293"/>
</g>
<g style="fill:rgb(0%,0%,0%);fill-opacity:1;">
  <use xlink:href="#glyph15-1" x="149.058" y="378.89293"/>
  <use xlink:href="#glyph15-2" x="156.8316" y="378.89293"/>
  <use xlink:href="#glyph15-3" x="173.924427" y="378.89293"/>
  <use xlink:href="#glyph15-4" x="181.698027" y="378.89293"/>
  <use xlink:href="#glyph15-4" x="187.78962" y="378.89293"/>
  <use xlink:href="#glyph15-3" x="193.881213" y="378.89293"/>
  <use xlink:href="#glyph15-5" x="201.215369" y="378.89293"/>
  <use xlink:href="#glyph15-6" x="214.625966" y="378.89293"/>
  <use xlink:href="#glyph15-7" x="218.944632" y="378.89293"/>
  <use xlink:href="#glyph15-8" x="232.779518" y="378.89293"/>
  <use xlink:href="#glyph15-9" x="245.750671" y="378.89293"/>
  <use xlink:href="#glyph15-8" x="252.675691" y="378.89293"/>
  <use xlink:href="#glyph15-10" x="265.646844" y="378.89293"/>
  <use xlink:href="#glyph15-4" x="273.420444" y="378.89293"/>
  <use xlink:href="#glyph15-5" x="279.512037" y="378.89293"/>
  <use xlink:href="#glyph15-11" x="287.72508" y="378.89293"/>
</g>
<path style="fill:none;stroke-width:0.4;stroke-linecap:butt;stroke-linejoin:round;stroke:rgb(0%,0%,0%);stroke-opacity:1;stroke-miterlimit:10;" d="M 35.999797 692.000296 Z M 35.999797 692.000296 " transform="matrix(1.69,0,0,-1.69,-53.742,1406.418)"/>
<path style="fill:none;stroke-width:0.4;stroke-linecap:butt;stroke-linejoin:round;stroke:rgb(0%,0%,0%);stroke-opacity:1;stroke-miterlimit:10;" d="M 35.999797 687.999279 L 35.999797 640.000943 L 107.999612 640.000943 L 107.999612 687.999279 Z M 35.999797 687.999279 " transform="matrix(1.69,0,0,-1.69,-53.742,1406.418)"/>
<path style="fill:none;stroke-width:0.4;stroke-linecap:butt;stroke-linejoin:round;stroke:rgb(0%,0%,0%);stroke-opacity:1;stroke-miterlimit:10;" d="M 35.999797 628.000203 L 35.999797 579.999556 L 107.999612 579.999556 L 107.999612 628.000203 Z M 35.999797 628.000203 " transform="matrix(1.69,0,0,-1.69,-53.742,1406.418)"/>
<path style="fill:none;stroke-width:0.4;stroke-linecap:butt;stroke-linejoin:round;stroke:rgb(0%,0%,0%);stroke-opacity:1;stroke-miterlimit:10;" d="M 395.998872 631.998909 Z M 395.998872 631.998909 " transform="matrix(1.69,0,0,-1.69,-53.742,1406.418)"/>
<path style="fill:none;stroke-width:0.4;stroke-linecap:butt;stroke-linejoin:round;stroke:rgb(0%,0%,0%);stroke-opacity:1;stroke-miterlimit:10;" d="M 120.000351 604.001036 L 120.000351 592.000296 L 276.000721 592.000296 L 276.000721 604.001036 Z M 120.000351 604.001036 " transform="matrix(1.69,0,0,-1.69,-53.742,1406.418)"/>
<path style="fill:none;stroke-width:0.4;stroke-linecap:butt;stroke-linejoin:round;stroke:rgb(0%,0%,0%);stroke-opacity:1;stroke-miterlimit:10;" d="M 120.000351 664.000111 L 120.000351 651.999371 L 276.000721 651.999371 L 276.000721 664.000111 Z M 120.000351 664.000111 " transform="matrix(1.69,0,0,-1.69,-53.742,1406.418)"/>
<path style="fill:none;stroke-width:0.4;stroke-linecap:butt;stroke-linejoin:round;stroke:rgb(0%,0%,0%);stroke-opacity:1;stroke-miterlimit:10;" d="M 59.998964 556.000388 L 59.998964 428.000203 L 187.999149 428.000203 L 187.999149 556.000388 Z M 59.998964 556.000388 " transform="matrix(1.69,0,0,-1.69,-53.742,1406.418)"/>
<path style="fill:none;stroke-width:0.4;stroke-linecap:butt;stroke-linejoin:round;stroke:rgb(0%,0%,0%);stroke-opacity:1;stroke-miterlimit:10;" d="M 195.998872 556.000388 L 195.998872 428.000203 L 323.999057 428.000203 L 323.999057 556.000388 Z M 195.998872 556.000388 " transform="matrix(1.69,0,0,-1.69,-53.742,1406.418)"/>
</g>
</svg>
